#edited with j2k-rui | 2022-07-06 16:48
ID	to-reach	length	slope	sinuosity	rough	width	output	strahler	drained_area	elevation	landuseID	soilID	hgeoID
0	0	0	0	0	0	0	0	0	0	0	0	0	0
999999	999999	999999	999999	999999	999999	999999	999999	999999	999999	999999	999999	999999	999999
n/a	n/a	n/a	n/a	n/a	n/a	n/a	n/a	n/a	n/a	n/a	n/a	n/a	n/a
4640	0	82	0.1001	1.08	30	21.7	0	144	1454.4584	0.7	222	67	101
4642	4640	898	0.5568	1.15	30	0.2	0	1	0	2.8	222	67	101
4644	4640	842	0.1001	1.09	30	21.7	0	143	1454.4443	0.1	212	67	101
4646	4644	387	0.1001	1.07	30	21.6	0	142	1451.5791	0.8	231	67	101
4648	4646	3613	0.1107	1.66	30	8.4	0	65	354.2502	1.9	222	67	101
4650	4648	1033	0.0968	1.14	30	8.3	0	64	350.856	0	222	67	101
4652	4650	91	0.1001	1.05	30	8.2	0	63	344.3747	1.4	211	67	101
4654	4652	1863	0.4294	1.28	30	0.8	0	5	10.2115	0.1	222	125	101
4656	4654	346	0.578	1.1	30	0.6	0	4	6.8534	0.3	231	125	508
4658	4656	67	1.4925	1.04	30	0.1	0	1	0.505	20	231	125	101
4660	4656	1163	0.7739	1.24	30	0.5	0	3	6.2174	0.3	231	125	101
4662	4660	763	4.325	1.12	30	0.1	0	1	0.8969	41.5	244	125	101
4664	4660	1874	2.2946	1.14	30	0.5	0	2	4.7219	0.5	244	125	508
4666	4664	790	7.9747	1.13	30	0.2	0	1	1.1506	118	244	125	508
4668	4664	1488	5.2419	1.23	30	0.2	0	1	1.577	46.8	244	125	508
4670	4654	1403	2.9223	1.11	30	0.2	0	1	1.5099	0.3	231	125	508
4672	4652	291	0.1001	1.08	30	8	0	62	334.1537	0.7	211	67	101
4674	4672	967	0.1034	1.15	30	8	0	61	332.7836	0.1	222	125	101
4676	4674	983	0.7121	1.14	30	0.1	0	1	0.8023	0.3	212	125	101
4678	4674	809	0.2472	1.49	30	8	0	60	331.6722	0.1	311	125	101
4680	4678	2208	2.038	1.18	30	0.3	0	1	2.1175	0.6	211	67	101
4682	4678	615	0.1626	1.08	30	8	0	59	329.2884	17.8	222	67	101
4684	4682	413	1.937	1.14	30	0.1	0	1	0.6149	35.8	222	67	101
4686	4682	589	0.1698	1.12	30	7.9	0	58	328.4524	0.1	311	67	101
4688	4686	1179	0.1696	1.29	30	7.9	0	57	327.1815	5.5	311	67	101
4690	4688	157	0.6369	1.08	30	7.8	0	56	318.7767	9.5	212	67	101
4692	4690	3182	2.1684	1.15	30	0.3	0	1	2.673	3.6	211	125	101
4694	4690	337	0.2967	1.05	30	7.7	0	55	315.9508	12.7	311	67	101
4696	4694	458	0.8734	1.1	30	7.7	0	54	311.5638	0.3	211	125	101
4698	4696	1864	0.3755	1.3	30	7.6	0	53	306.033	6.6	211	125	101
4700	4698	277	2.1661	1.1	30	0.8	0	5	10.8202	0.4	212	125	101
4702	4700	77	0.1001	1.06	30	0.1	0	1	0.5057	21	212	125	101
4704	4700	2444	0.3682	1.46	30	0.8	0	4	10.2597	0.1	212	125	101
4706	4704	1	0.1001	1	30	0.4	0	3	4.2266	0	211	125	101
4708	4706	612	3.5948	1.18	30	0.3	0	2	3.1123	0.6	311	125	101
4710	4708	618	3.0744	1.02	30	0.1	0	1	0.716	69.6	311	125	506
4712	4708	2175	3.7241	1.12	30	0.3	0	1	2.2652	8.2	311	125	506
4714	4706	967	2.5853	1.21	30	0.2	0	1	1.1142	0.3	311	125	101
4716	4704	2289	1.5291	1.16	30	0.4	0	3	4.5951	16.5	311	125	101
4718	4716	678	5.4572	1.12	30	0.1	0	1	0.8424	32.7	311	125	101
4720	4716	1399	2.7162	1.27	30	0.3	0	2	2.8599	1.1	244	119	101
4722	4720	1304	6.2117	1.11	30	0.2	0	1	1.4954	0	311	119	101
4724	4720	95	6.3158	1.03	30	0.1	0	1	0.5291	23	311	119	101
4726	4698	530	1.1321	1.08	30	7.4	0	52	294.3434	3	212	125	101
4728	4726	623	0.4815	1.22	30	7.4	0	51	293.2594	18	212	125	101
4730	4728	1904	0.105	1.27	30	7.3	0	50	291.9435	0	211	125	101
4732	4730	2630	2.1673	1.36	30	0.4	0	1	3.2088	2.3	211	125	101
4734	4730	38	0.1001	1.06	30	7.3	0	49	287.0447	3.1	212	125	101
4736	4734	251	0.1001	1.08	30	7.2	0	48	286.4967	0.9	212	125	101
4738	4736	1520	0.1316	1.2	30	7.2	0	47	284.4512	0.4	212	125	101
4740	4738	719	0.1391	1.17	30	7.2	0	46	282.2486	0.1	212	125	101
4742	4740	401	0.9975	1.28	30	0.9	0	6	12.1342	18	211	125	101
4744	4742	1388	0.7205	1.47	30	0.2	0	1	1.0925	5.5	211	125	508
4746	4742	1	0.1001	1	30	0.8	0	5	10.9353	2.6	211	125	508
4748	4746	2245	0.5791	1.48	30	0.4	0	3	3.91	0.9	211	125	508
4750	4748	1285	1.8677	1.16	30	0.2	0	1	1.352	32.4	231	125	508
4752	4748	237	1.6878	1.15	30	0.2	0	2	1.6162	4.6	211	125	508
4754	4752	929	2.0452	1.09	30	0.2	0	1	1.049	20.6	231	125	508
4756	4752	34	2.9412	1.08	30	0.1	0	1	0.5064	12.8	231	125	508
4758	4746	703	0.7112	1.25	30	0.6	0	4	7.0245	19.8	211	125	508
4760	4758	708	0.4237	1.16	30	0.5	0	3	6.1565	0.3	211	67	508
4762	4760	1642	1.218	1.3	30	0.3	0	2	3.1437	10.8	231	125	508
4764	4762	564	1.5957	1.27	30	0.2	0	1	1.3793	71.7	211	125	101
4766	4762	398	3.0151	1.17	30	0.1	0	1	0.6447	0.6	231	125	508
4768	4760	1761	1.9307	1.19	30	0.3	0	2	2.6515	0.1	231	125	508
4770	4768	167	2.994	1.07	30	0.1	0	1	0.8319	4.6	231	125	508
4772	4768	201	4.4776	1.1	30	0.1	0	1	0.5761	9.9	324	125	508
4774	4758	865	2.659	1.07	30	0.1	0	1	0.7798	0.2	231	67	508
4776	4740	778	0.1285	1.09	30	7	0	45	269.7145	0.1	211	125	101
4778	4776	542	0.5535	1.1	30	6.8	0	44	258.9985	0.3	323	125	101
4780	4778	1366	0.0732	1.12	30	6.8	0	43	257.8127	0.1	212	125	101
4782	4780	613	0.1631	1.2	30	6.6	0	42	251.2593	0.5	242	125	101
4784	4782	1499	8.1388	1.23	30	0.2	0	1	1.1386	46.5	231	119	101
4786	4782	1103	0.272	1.3	30	6.6	0	41	249.4491	0.1	222	125	101
4788	4786	221	4.9774	1.2	30	0.1	0	1	0.8508	0.9	311	119	101
4790	4786	267	0.3745	1.17	30	6.6	0	40	248.079	31	243	119	101
4792	4790	1399	0.143	1.34	30	6.6	0	39	246.7067	0.1	231	119	101
4794	4792	567	0.5291	1.29	30	6.5	0	38	244.2236	0.2	231	119	101
4796	4794	183	1.0929	1.13	30	6.5	0	37	241.4516	1.8	321	119	101
4798	4796	223	1.3453	1.16	30	0.1	0	1	0.727	47.5	321	119	101
4800	4796	1261	0.2379	1.42	30	6.4	0	36	240.6752	4.1	243	119	101
4802	4800	395	0.2532	1.32	30	6.4	0	35	236.8632	0.3	211	119	101
4804	4802	1736	0.7488	1.24	30	0.7	0	5	9.4364	0.1	211	119	101
4806	4804	549	1.275	1.16	30	0.5	0	4	5.0705	0.4	211	119	508
4808	4806	706	1.983	1.12	30	0.4	0	3	4.2158	0.7	211	119	508
4810	4808	1483	8.6986	1.21	30	0.3	0	2	2.6744	61.1	211	119	508
4812	4810	91	14.2857	1.05	30	0.1	0	1	0.6228	170.7	311	119	506
4814	4810	741	13.7652	1.12	30	0.2	0	1	1.0691	23	322	119	506
4816	4808	664	7.2289	1.23	30	0.2	0	1	1.1404	0.7	211	119	508
4818	4806	44	2.2727	1.07	30	0.1	0	1	0.5055	83	211	119	508
4820	4804	2193	2.2344	1.16	30	0.3	0	1	2.9122	0.1	211	119	508
4822	4802	1709	0.4681	1.18	30	6.2	1	34	227.2142	5.6	323	119	101
4824	4822	1878	0.2662	1.22	30	6	0	33	214.492	0.2	244	119	508
4826	4824	1383	0.8677	1.43	30	5.9	0	32	211.431	11.5	323	119	506
4828	4826	1153	0.8673	1.11	30	5.7	0	31	202.3595	1.1	311	119	506
4830	4828	1163	17.6268	1.16	30	0.2	0	1	1.6699	94.6	322	119	506
4832	4828	1984	1.6633	1.16	30	5.7	0	30	199.1712	48.2	311	119	508
4834	4832	2162	10.7308	1.15	30	0.3	0	1	2.4054	0.5	311	119	506
4836	4832	187	1.0695	1.07	30	5.6	0	29	193.7971	6.7	324	119	508
4838	4836	529	0.9452	1.08	30	5.5	0	28	190.7782	26.5	322	119	506
4840	4838	206	0.9709	1.06	30	5.4	0	27	186.9772	7.9	311	119	506
4842	4840	4215	9.656	1	30	0.4	0	1	3.9503	52.2	311	119	506
4844	4840	1764	1.3039	1.43	30	5.4	0	26	182.9055	0.5	311	119	506
4846	4844	1487	0.7397	1.19	30	4.7	0	25	152.44	42	311	125	506
4848	4846	125	1.6	1.07	30	4.7	0	24	149.8809	7.5	311	125	508
4850	4848	1128	1.5071	1.22	30	1.2	0	9	20.6883	1	311	125	508
4852	4850	1242	4.9114	1.18	30	0.2	0	1	1.4722	60.2	311	125	506
4854	4850	814	1.4742	1.08	30	1.1	0	8	18.2369	215	311	125	506
4856	4854	1868	10.1178	1.13	30	0.2	0	1	1.8388	17.6	311	125	506
4858	4854	221	1.3575	1.08	30	1	0	7	15.5346	6.1	324	125	506
4860	4858	1203	2.5769	1.12	30	1	0	6	14.3123	1.9	311	125	506
4862	4860	571	16.8126	1.03	30	0.1	0	1	0.7669	319	311	125	506
4864	4860	1519	10.8624	1.1	30	0.8	0	5	11.8065	6.8	311	125	506
4866	4864	1185	10.4641	1.1	30	0.3	0	2	3.1299	2.8	311	125	508
4868	4866	503	7.9523	1.08	30	0.1	0	1	0.7122	74.9	311	119	508
4870	4866	1682	7.6694	1.1	30	0.2	0	1	1.8778	108.9	311	119	508
4872	4864	1360	7.5	1.18	30	0.6	0	4	6.2518	1.9	311	119	508
4874	4872	325	9.2308	1.06	30	0.3	0	3	2.7847	7.8	311	119	508
4876	4874	810	12.8395	1.18	30	0.1	0	1	0.8965	571	311	119	506
4878	4874	396	8.8384	1.09	30	0.2	0	2	1.7621	29.2	311	119	506
4880	4878	985	15.2284	1.07	30	0.2	0	1	0.9684	0	311	119	506
4882	4878	665	14.7368	1.1	30	0.1	0	1	0.6726	626.5	311	119	506
4884	4872	1360	12.7206	1.21	30	0.2	0	1	1.6687	22.6	311	119	506
4886	4858	637	8.0063	1.08	30	0.2	0	1	1.1551	1.4	311	125	506
4888	4848	1534	0.8475	1.1	30	4.2	0	23	129.149	0.9	311	125	508
4890	4888	721	0.6935	1.1	30	3.9	0	22	115.4454	117.1	311	125	506
4892	4890	135	5.9259	1.15	30	0.1	0	1	0.75	10.1	311	125	506
4894	4890	1028	0.6809	1.39	30	3.9	0	21	114.1774	1.1	311	125	506
4896	4894	945	0.6349	1.23	30	3.8	0	20	110.3695	1.5	321	125	506
4898	4896	1528	0.7853	1.12	30	3.7	0	19	103.8168	0.7	321	125	506
4900	4898	1626	0.984	1.19	30	2.8	0	18	68.2956	0.7	311	119	506
4902	4900	2390	5.9833	1.19	30	0.6	0	4	6.772	71.2	311	119	506
4904	4902	263	12.9278	1.08	30	0.3	0	3	3.1577	8	311	119	508
4906	4904	278	12.5899	1.07	30	0.3	0	2	2.4163	401.6	311	119	508
4908	4906	1869	7.9187	1.45	30	0.2	0	1	1.7568	201.8	311	119	508
4910	4906	465	6.8817	1.21	30	0.1	0	1	0.6035	469	324	119	508
4912	4904	84	20.2381	1.04	30	0.1	0	1	0.563	294.3	311	119	508
4914	4902	949	11.275	1.11	30	0.2	0	1	1.1553	0	311	119	508
4916	4900	1572	2.1628	1.09	30	2.5	0	17	60.1998	0.7	311	119	506
4918	4916	1898	6.3224	1.12	30	0.5	0	2	5.613	1.7	311	119	508
4920	4918	580	19.4828	1.07	30	0.2	0	1	1.0387	114.1	311	119	508
4922	4918	2260	8.4956	1.08	30	0.3	0	1	2.6612	8.3	311	119	508
4924	4916	894	1.0067	1.12	30	2.3	0	16	52.4444	6.3	311	119	506
4926	4924	382	1.0471	1.17	30	2.2	0	15	50.4849	6.7	311	119	506
4928	4926	1139	1.4047	1.35	30	2.1	0	14	45.4321	2.4	322	119	506
4930	4928	187	18.7166	1.1	30	0.1	0	1	0.5199	389	311	119	506
4932	4928	883	2.4915	1.13	30	2	0	13	43.9869	2.5	311	119	506
4934	4932	907	2.6461	1.08	30	1.8	0	12	35.8153	1.8	311	119	506
4936	4934	419	21.2411	1.06	30	0.2	0	1	1.438	105.2	311	119	506
4938	4934	698	2.5788	1.14	30	1.7	0	11	33.5947	2.7	311	119	506
4940	4938	1035	5.4106	1.1	30	0.6	0	3	7.6358	2.2	311	119	506
4942	4940	2295	5.5338	1.11	30	0.5	0	2	5.3185	1.2	311	119	506
4944	4942	356	11.7978	1.14	30	0.1	0	1	0.6601	526.8	311	119	506
4946	4942	950	9.7895	1.32	30	0.2	0	1	1.2656	2.9	311	119	506
4948	4940	1310	15.1908	1.11	30	0.2	0	1	1.6074	133.9	311	119	506
4950	4938	934	2.9979	1.14	30	1.4	0	10	25.4125	1.9	311	119	506
4952	4950	1311	4.0427	1.12	30	1.4	0	9	24.0124	1.9	311	119	506
4954	4952	751	1.731	1.09	30	1.3	0	8	21.3363	3.8	311	119	506
4956	4954	349	19.1977	1	30	0.1	0	1	0.6978	0	311	119	506
4958	4954	774	2.3256	1.1	30	1.2	0	7	19.9939	3	311	119	506
4960	4958	937	1.7076	1.2	30	0.8	0	6	11.8443	432.8	311	119	506
4962	4960	514	1.9455	1.11	30	0.8	0	5	10.1288	93.2	311	119	506
4964	4962	366	13.388	1.08	30	0.1	0	1	0.6439	551	311	119	506
4966	4962	361	1.385	1.12	30	0.7	0	4	9.0942	9.6	311	119	506
4968	4966	640	2.1875	1.63	30	0.4	0	3	3.9789	3.9	311	119	506
4970	4968	415	7.9518	1.09	30	0.2	0	1	0.9879	15.7	311	119	506
4972	4968	282	4.9645	1.07	30	0.3	0	2	2.0473	8.1	311	119	506
4974	4972	761	6.0447	1.13	30	0.2	0	1	1.266	299.4	311	119	506
4976	4972	499	10.4208	1.16	30	0.1	0	1	0.7232	7.5	311	119	506
4978	4966	1331	4.1322	1.1	30	0.5	0	3	4.9954	2.6	322	119	506
4980	4978	922	8.026	1.09	30	0.3	0	2	3.142	14.6	311	119	506
4982	4980	760	13.2895	1.13	30	0.2	0	1	1.3326	107.5	311	119	506
4984	4980	430	10.2326	1.17	30	0.2	0	1	1.1617	10.8	311	119	506
4986	4978	326	12.2699	1.09	30	0.1	0	1	0.7743	64.8	322	119	506
4988	4960	842	9.62	1.14	30	0.2	0	1	1.1168	2.9	311	119	506
4990	4958	943	2.8632	1.15	30	0.6	0	6	7.3741	15.5	311	119	506
4992	4990	139	12.2302	1.09	30	0.1	0	1	0.5808	25.1	311	119	506
4994	4990	833	5.4022	1.1	30	0.5	0	5	5.9089	4.2	311	119	506
4996	4994	512	13.4766	1.07	30	0.1	0	1	0.818	5.7	311	119	508
4998	4994	58	5.1724	1.06	30	0.4	0	4	4.164	40.6	311	119	506
5000	4998	608	13.9803	1.09	30	0.2	0	1	0.9328	0	311	119	508
5002	4998	724	6.4917	1.15	30	0.4	0	3	3.2255	4.8	311	119	506
5004	5002	610	11.4754	1.08	30	0.2	0	1	0.9366	7.1	311	119	506
5006	5002	247	9.3117	1.13	30	0.2	0	2	1.677	12.2	313	119	508
5008	5006	618	12.945	1.1	30	0.1	0	1	0.7495	602.9	313	119	508
5010	5006	92	9.7826	1.08	30	0.1	0	1	0.6896	84.9	311	119	508
5012	4952	1053	11.7759	1.12	30	0.2	0	1	1.1518	2.9	311	119	506
5014	4950	407	18.6732	1.07	30	0.1	0	1	0.6685	6.5	311	119	508
5016	4932	1525	7.4754	1.15	30	0.6	0	4	7.3651	1.1	311	119	506
5018	5016	1436	3.6212	1.18	30	0.5	0	3	5.6331	117.3	311	119	508
5020	5018	822	13.382	1.11	30	0.2	0	1	1.6466	179.5	311	119	506
5022	5018	1118	9.6601	1.14	30	0.3	0	2	2.0021	326.8	311	119	506
5024	5022	193	15.0259	1.08	30	0.1	0	1	0.7254	14.3	311	119	506
5026	5022	20	20	1	30	0.1	0	1	0.6297	96.5	311	119	506
5028	5016	14	7.1429	1	30	0.1	0	1	0.5276	70.5	324	119	508
5030	4926	2419	7.1931	1.07	30	0.5	0	3	4.9503	0.8	324	119	506
5032	5030	471	11.6773	1.1	30	0.2	0	2	1.7927	4.2	311	119	506
5034	5032	87	19.5402	1.07	30	0.1	0	1	0.5203	52.4	311	119	506
5036	5032	328	15.5488	1.06	30	0.2	0	1	1.0249	10.2	311	119	506
5038	5030	309	22.0065	1.07	30	0.1	0	1	0.7836	10.2	311	119	506
5040	4924	1366	16.3982	1.46	30	0.2	0	1	0.954	1.2	311	119	506
5042	4898	1049	1.9066	1.13	30	1.7	0	13	34.1747	1	311	125	506
5044	5042	1396	2.7937	1.1	30	1.6	0	12	29.7196	1.2	311	119	506
5046	5044	2973	3.4645	1.16	30	1.4	0	11	25.5674	0.7	311	119	508
5048	5046	420	2.381	1.14	30	1.2	0	10	19.298	4.3	324	119	508
5050	5048	1680	10.3571	1.15	30	0.2	0	1	1.9145	48	311	119	508
5052	5048	141	0.7092	1.08	30	1.1	0	9	17.2557	14.2	311	119	508
5054	5052	221	2.7149	1.11	30	0.6	0	4	7.7327	10	324	119	508
5056	5054	394	9.6447	1.08	30	0.1	0	1	0.6064	413	311	119	508
5058	5054	401	1.995	1.1	30	0.6	0	3	7.0919	4.7	324	119	508
5060	5058	2150	2.7442	1.11	30	0.3	0	1	3.0272	26.4	311	119	506
5062	5058	1500	3.4667	1.23	30	0.4	0	2	3.9592	1.3	311	119	506
5064	5062	733	12.9604	1.13	30	0.2	0	1	1.1634	112.8	311	119	508
5066	5062	1395	15.4839	1.07	30	0.2	0	1	1.2618	10.4	311	119	508
5068	5052	535	1.6822	1.13	30	0.7	0	8	9.4462	12.6	324	119	508
5070	5068	1441	8.8827	1.05	30	0.2	0	1	1.1462	1.7	311	119	506
5072	5068	740	3.3784	1.07	30	0.7	0	7	8.0689	3.9	311	119	508
5074	5072	481	7.9002	1.11	30	0.6	0	6	6.8066	434	311	119	506
5076	5074	524	7.8244	1.08	30	0.5	0	5	5.8872	474	244	119	506
5078	5076	861	16.2602	1.11	30	0.1	0	1	0.8979	553.5	311	119	506
5080	5076	410	10.2439	1.16	30	0.5	0	4	4.6524	7.8	244	119	506
5082	5080	547	8.7751	1.1	30	0.4	0	3	3.7716	172.8	311	119	506
5084	5082	1310	12.6718	1.13	30	0.3	0	2	2.8518	3.5	311	119	506
5086	5084	10	30	1	30	0.1	0	1	0.6966	411.5	313	119	506
5088	5084	1	0.1001	1	30	0.1	0	1	0.6303	373	313	119	506
5090	5082	291	17.1821	1.08	30	0.1	0	1	0.5762	9.9	311	119	506
5092	5080	42	16.6667	1	30	0.1	0	1	0.5243	50.7	311	119	506
5094	5074	743	17.2275	1.08	30	0.1	0	1	0.6651	3.1	311	119	506
5096	5072	52	9.6154	1.05	30	0.2	0	1	0.9306	30.1	244	119	508
5098	5046	1411	8.5046	1.14	30	0.3	0	1	1.9602	1.4	311	119	508
5100	5044	2950	12.8814	1.12	30	0.3	0	1	2.6402	94.3	244	119	508
5102	5042	910	7.9121	1.15	30	0.4	0	2	3.7795	1.3	311	119	506
5104	5102	1117	20.2328	1.11	30	0.2	0	1	1.3202	148.2	311	119	508
5106	5102	1436	18.5933	1.09	30	0.2	0	1	1.185	1.3	311	119	506
5108	4896	1840	2.337	1.27	30	0.5	0	2	5.582	43.3	324	125	506
5110	5108	1317	5.6948	1.14	30	0.3	0	1	2.7892	3	324	119	506
5112	5108	279	9.6774	1.09	30	0.1	0	1	0.6949	17	311	125	506
5114	4894	2032	11.3189	1.13	30	0.3	0	1	2.9708	0.5	311	125	506
5116	4888	788	4.0609	1.15	30	0.9	0	8	12.5324	2.2	311	125	508
5118	5116	847	3.3058	1.19	30	0.8	0	7	11.4286	137.2	311	125	508
5120	5118	987	4.458	1.15	30	0.7	0	6	9.7575	1.9	311	125	506
5122	5120	619	20.3554	1.22	30	0.1	0	1	0.6663	370	311	125	506
5124	5120	288	7.2917	1.1	30	0.7	0	5	8.0786	5.5	311	125	506
5126	5124	181	8.2873	1.07	30	0.6	0	4	6.8695	0	311	125	506
5128	5126	472	19.7034	1.14	30	0.1	0	1	0.6157	376.8	311	125	506
5130	5126	715	7.6923	1.16	30	0.5	0	3	6.2037	4.6	311	125	506
5132	5130	350	18.5714	1.16	30	0.2	0	2	1.4709	7.8	311	119	506
5134	5132	287	23.3449	1.08	30	0.1	0	1	0.7084	520	311	119	506
5136	5132	426	20.4225	1.12	30	0.1	0	1	0.5462	8.3	311	119	506
5138	5130	1032	9.4961	1.11	30	0.4	0	2	3.9315	3.5	311	119	506
5140	5138	721	16.2275	1.19	30	0.2	0	1	1.1801	505.2	311	119	506
5142	5138	859	18.2771	1.13	30	0.2	0	1	1.7956	4.1	311	119	506
5144	5124	820	21.7073	1.09	30	0.2	0	1	1.0626	2.8	311	125	506
5146	5118	376	25.5319	1.11	30	0.1	0	1	0.8561	5.9	311	125	508
5148	5116	284	31.6901	1.11	30	0.1	0	1	0.6054	5.5	311	125	508
5150	4846	807	17.1004	1.13	30	0.1	0	1	0.865	178.5	311	125	508
5152	4844	1259	2.1446	1.2	30	1.5	0	9	28.6703	1	311	119	506
5154	5152	578	16.955	1.06	30	0.1	0	1	0.8161	19.9	324	125	508
5156	5152	687	1.4556	1.07	30	1.5	0	8	26.7462	1.4	311	119	506
5158	5156	296	2.7027	1.08	30	1.4	0	7	25.5644	6.4	311	119	508
5160	5158	417	19.4245	1.09	30	0.1	0	1	0.722	223.2	311	125	508
5162	5158	862	1.5081	1.09	30	1.4	0	6	24.7175	1.8	311	125	508
5164	5162	1161	1.8088	1.38	30	1.2	0	5	18.8948	2.6	311	125	508
5166	5164	1304	1.6104	1.43	30	0.9	0	4	13.694	1	311	125	506
5168	5166	545	9.7248	1.11	30	0.1	0	1	0.731	237.4	311	125	506
5170	5166	541	2.5878	1.06	30	0.8	0	3	11.6614	2.3	311	125	506
5172	5170	659	5.9181	1.12	30	0.5	0	2	4.773	3.5	311	125	506
5174	5172	2759	11.3809	1.17	30	0.4	0	1	3.9389	1.2	311	125	508
5176	5172	224	17.8571	1.02	30	0.1	0	1	0.5918	474	322	125	506
5178	5170	2058	5.2478	1.14	30	0.6	0	2	6.3368	1	311	125	508
5180	5178	2911	10.1683	1.17	30	0.4	0	1	3.664	48	311	119	506
5182	5178	481	14.1372	1.17	30	0.1	0	1	0.6027	279.7	311	119	508
5184	5164	3861	3.7296	1.2	30	0.4	0	1	4.5227	0.4	311	125	506
5186	5162	866	3.8106	1.14	30	0.5	0	3	5.0864	2.1	311	119	508
5188	5186	135	1.4815	1.1	30	0.4	0	2	3.4629	8.6	311	119	508
5190	5188	1295	11.583	1.17	30	0.2	0	1	1.1824	1.3	311	119	508
5192	5188	1492	8.9142	1.08	30	0.3	0	1	2.2433	1.6	311	119	506
5194	5186	540	9.8148	1.08	30	0.2	0	1	1.0874	2.2	311	119	508
5196	5156	291	14.7766	1.08	30	0.1	0	1	0.579	3.4	311	119	508
5198	4838	1271	11.251	1.15	30	0.4	0	2	3.5169	1.6	311	119	506
5200	5198	789	12.1673	1.1	30	0.1	0	1	0.8092	313	322	119	506
5202	5198	883	13.2503	1.13	30	0.2	0	1	1.2678	2.4	322	119	508
5204	4836	2849	12.9519	1.25	30	0.3	0	1	2.9139	0.9	322	119	508
5206	4826	1900	6.5263	1.16	30	0.6	0	3	7.4541	0.8	322	119	506
5208	5206	193	29.5337	1.08	30	0.1	0	1	0.5611	291.1	322	119	508
5210	5206	926	6.0475	1.11	30	0.5	0	2	4.8335	2.3	311	119	508
5212	5210	1489	8.865	1.3	30	0.3	0	1	2.8848	172.5	311	119	506
5214	5210	192	27.0833	1.07	30	0.1	0	1	0.5522	10.8	311	119	508
5216	4824	538	13.197	1.12	30	0.2	0	1	1.0549	0.6	323	119	506
5218	4822	2175	3.1264	1.32	30	0.8	0	6	11.5757	0.2	311	119	508
5220	5218	135	2.963	1.08	30	0.7	0	5	8.3375	173	311	119	508
5222	5220	924	2.8139	1.13	30	0.6	0	4	7.481	1	311	119	508
5224	5222	1238	7.189	1.25	30	0.5	0	3	4.673	2.4	323	119	508
5226	5224	233	20.1717	1.08	30	0.1	0	1	0.7112	242.6	324	119	506
5228	5224	798	10.2757	1.16	30	0.3	0	2	2.7714	8.5	311	119	506
5230	5228	1046	17.0172	1.13	30	0.2	0	1	1.3975	66.5	311	119	506
5232	5228	151	7.947	1.08	30	0.2	0	1	0.9465	46.2	311	119	506
5234	5222	1581	10.1834	1.14	30	0.3	0	1	2.307	0.6	313	119	508
5236	5220	688	14.8256	1.09	30	0.1	0	1	0.7858	1.1	311	119	508
5238	5218	185	17.8378	1.08	30	0.1	0	1	0.7951	4.2	311	119	506
5240	4800	2876	1.7385	1.31	30	0.3	0	1	3.1543	0.1	211	125	101
5242	4794	796	2.5126	1.33	30	0.3	0	2	2.3803	0.2	321	119	101
5244	5242	1429	8.8174	1.17	30	0.2	0	1	1.1587	48.9	324	119	101
5246	5242	806	6.6998	1.1	30	0.2	0	1	1.0319	0.7	324	119	101
5248	4792	1672	2.1531	1.17	30	0.2	0	1	1.6532	8.3	231	119	101
5250	4790	703	1.9915	1.24	30	0.2	0	1	1.2085	0.2	211	125	101
5252	4780	129	8.5271	1.07	30	0.5	0	4	5.3526	6.5	242	125	101
5254	5252	1236	3.6408	1.25	30	0.4	0	3	4.5144	10.2	321	125	101
5256	5254	366	16.3934	1.12	30	0.3	0	2	2.893	11.4	311	119	101
5258	5256	2647	7.7446	1.11	30	0.2	0	1	1.7895	51.1	323	119	101
5260	5256	487	12.5257	1.19	30	0.1	0	1	0.7685	2.3	311	119	101
5262	5254	20	35	1	30	0.1	0	1	0.5107	60.4	311	119	101
5264	5252	676	5.1775	1.14	30	0.1	0	1	0.8302	0.2	321	125	101
5266	4778	1003	1.2961	1.07	30	0.2	0	1	0.9541	2.2	211	125	101
5268	4776	1195	0.9205	1.36	30	0.8	0	3	10.2597	0.1	211	125	101
5270	5268	6348	3.5917	1.56	30	0.7	0	2	8.7253	0.2	311	119	506
5272	5270	1382	3.6903	1.17	30	0.2	0	1	1.2292	174.8	311	119	506
5274	5270	492	3.0488	1.07	30	0.2	0	1	0.9172	3.1	311	119	506
5276	5268	141	1.4184	1.14	30	0.1	0	1	0.51	0.9	211	125	101
5278	4738	230	2.6087	1.02	30	0.1	0	1	0.7335	30	211	125	508
5280	4736	1439	2.0848	1.41	30	0.3	0	2	2.0143	0.3	212	125	101
5282	5280	227	3.5242	1.06	30	0.1	0	1	0.6764	75	324	67	508
5284	5280	669	4.1854	1.11	30	0.1	0	1	0.8718	0.6	324	125	508
5286	4734	480	1.875	1.08	30	0.1	0	1	0.5446	0.2	212	125	101
5288	4728	1166	1.5437	1.29	30	0.2	0	1	1.1481	0.1	211	125	101
5290	4726	183	2.1858	1.21	30	0.1	0	1	0.5452	14.1	212	67	101
5292	4696	477	0.8386	1.12	30	0.5	0	3	5.3856	0.2	211	125	101
5294	5292	3402	1.3228	1.19	30	0.3	0	1	3.09	0.1	212	125	101
5296	5292	162	4.321	1.08	30	0.3	0	2	2.2083	0.6	211	125	101
5298	5296	1067	3.7488	1.19	30	0.1	0	1	0.8379	28.3	211	125	101
5300	5296	748	1.6043	1.15	30	0.2	0	1	1.3534	0.3	211	125	101
5302	4694	2101	1.3803	1.16	30	0.4	0	2	4.3266	0.1	231	125	101
5304	5302	1259	2.3034	1.14	30	0.2	0	1	1.2316	0.3	311	67	201
5306	5302	487	3.9014	1.17	30	0.3	0	1	1.9608	0.7	222	67	201
5308	4688	2614	1.3389	1.48	30	0.6	0	4	7.4724	0.2	231	67	508
5310	5308	726	4.6832	1.14	30	0.1	0	1	0.8725	28.2	323	67	508
5312	5308	953	1.9937	1.07	30	0.4	0	3	4.4914	0.5	311	125	508
5314	5312	1189	2.8595	1.23	30	0.3	0	2	2.52	32.9	311	125	508
5316	5314	362	4.9724	1.09	30	0.1	0	1	0.7661	99.9	311	125	508
5318	5314	617	4.0519	1.18	30	0.2	0	1	1.1812	108.6	324	125	508
5320	5312	614	4.0717	1.15	30	0.2	0	1	1.2789	0.8	211	125	508
5322	4686	1317	0.6834	1.04	30	0.2	0	1	1.0951	10.3	211	67	101
5324	4672	573	1.0471	1.41	30	0.2	0	1	1.3241	0.1	211	67	101
5326	4650	1143	0.7874	1.26	30	0.5	0	4	6.1794	0	321	67	101
5328	5326	836	1.555	1.07	30	0.4	0	3	4.3522	12.1	324	67	101
5330	5328	272	3.6765	1.05	30	0.3	0	2	2.0816	1.5	311	67	508
5332	5330	1091	3.3914	1.17	30	0.2	0	1	1.2577	26.6	211	67	101
5334	5330	420	5.4762	1.08	30	0.1	0	1	0.7492	1	231	67	201
5336	5328	1163	5.2451	1.14	30	0.2	0	1	1.5243	0.2	324	67	508
5338	5326	767	1.9557	1.15	30	0.2	0	1	1.019	0.3	321	67	101
5340	4648	828	0.7246	1.06	30	0.2	0	1	1.061	0.1	222	67	101
5342	4646	591	0.1001	1.07	30	17.9	0	141	1097.2249	0.1	222	67	101
5344	5342	1306	0.1531	1.09	30	17.9	0	140	1093.338	4.3	222	67	101
5346	5344	652	0.1534	1.28	30	17.8	0	139	1090.0409	0.1	222	67	101
5348	5346	914	0.7659	1.34	30	0.2	0	2	1.9023	0.8	222	67	101
5350	5348	271	2.214	1.08	30	0.1	0	1	0.5398	24.4	222	67	101
5352	5348	191	2.6178	1.08	30	0.1	0	1	0.6916	1.1	222	67	101
5354	5346	320	0.3125	1.07	30	17.8	0	138	1087.7025	0.1	222	67	101
5356	5354	1345	0.1487	1.26	30	17.7	0	137	1078.235	0	222	67	101
5358	5356	580	0.1724	1.09	30	17.7	0	136	1076.5415	0.1	222	67	101
5360	5358	1424	1.6152	1.08	30	0.2	0	1	1.712	1.3	222	67	101
5362	5358	829	0.2413	1.31	30	17.7	0	135	1074.4577	0.1	222	67	101
5364	5362	1830	0.3825	1.29	30	0.2	0	2	1.7829	0	222	67	101
5366	5364	595	0.1001	1.42	30	0.1	0	1	0.7498	4.8	222	67	101
5370	5362	1190	0.1681	2.46	30	17.6	0	134	1072.1465	0	222	67	101
5372	5370	14	7.1429	1	30	0.4	0	2	4.2459	17.5	231	67	101
5374	5372	1923	1.8201	1.61	30	0.3	0	1	2.2581	17.4	511	67	101
5376	5372	1922	2.6535	1.3	30	0.3	0	1	1.9875	0	243	67	508
5378	5370	1759	0.1706	1.16	30	17.6	0	133	1067.2226	0	511	67	101
5380	5378	38	0.1001	1.28	30	17.6	0	132	1065.6398	1.5	222	67	101
5382	5380	798	0.1253	1.21	30	17.5	0	131	1063.3082	0.1	231	67	101
5384	5382	217	0.4608	1.06	30	17.5	0	130	1060.8615	0.4	231	67	101
5386	5384	1145	0.0873	1.15	30	17.5	0	129	1059.3828	0.5	323	67	101
5388	5386	663	0.3017	1.08	30	17.4	0	128	1054.0359	0.2	222	67	101
5390	5388	112	0.1001	1.08	30	8.1	0	67	336.2575	1.1	222	67	101
5392	5390	952	0.3151	1.08	30	8.1	1	66	335.5864	0.1	222	67	101
5394	5392	339	0.59	1.09	30	7.9	0	65	327.957	0.5	222	67	101
5396	5394	10	0.1001	1	30	7.9	0	64	326.5623	6.7	222	67	101
5398	5396	446	0.6726	1.1	30	7.9	0	63	325.4595	0.3	222	67	101
5400	5398	2748	2.5473	1.16	30	0.3	0	1	2.9798	16	321	125	508
5402	5398	230	0.4348	1.07	30	7.8	0	62	322.4167	1.3	222	67	101
5404	5402	3160	2.9114	1.21	30	0.2	0	1	1.9078	34.2	323	125	508
5406	5402	2310	0.3896	1.16	30	7.8	1	61	320.2932	0.2	222	125	101
5408	5406	131	0.1001	1.41	30	7.8	0	60	318.1177	5.9	211	125	101
5410	5408	354	0.8475	1.17	30	7.8	0	59	317.1653	0.8	331	125	101
5412	5410	456	0.4386	1.13	30	7.6	0	58	304.7953	0.6	331	125	101
5414	5412	1011	0.6924	1.22	30	7.5	0	57	303.8739	1.9	331	125	101
5416	5414	264	0.7576	1.2	30	0.3	0	2	2.432	42.4	311	125	508
5418	5416	918	6.1002	1.17	30	0.1	0	1	0.7569	22.6	311	125	508
5420	5416	1283	7.4045	1.13	30	0.2	0	1	1.6406	0.6	311	125	508
5422	5414	1247	0.4812	1.2	30	7.5	0	56	300.5837	0.3	211	125	508
5424	5422	753	7.9681	1.36	30	0.1	0	1	0.7511	64.1	311	125	508
5426	5422	224	0.4464	1.05	30	7.5	0	55	298.9457	1	331	125	508
5428	5426	14	0.1001	1	30	0.4	0	3	3.6657	39	311	125	508
5430	5428	917	2.2901	1.15	30	0.3	0	2	3.1298	0.8	311	125	508
5432	5430	1287	10.4118	1.25	30	0.2	0	1	1.3842	44.4	311	125	508
5434	5430	877	6.2714	1.18	30	0.2	0	1	1.5053	0.9	323	125	508
5436	5428	207	0.9662	1.2	30	0.1	0	1	0.5337	56.3	311	125	508
5438	5426	918	0.5447	1.19	30	7.4	0	54	295.258	0.4	331	125	101
5440	5438	169	0.5917	1.2	30	0.1	0	1	0.5701	68	331	125	101
5442	5438	1705	0.5279	1.3	30	7.4	0	53	294.1325	1.3	331	125	101
5444	5442	607	9.3904	1.16	30	0.3	0	3	3.1035	118.6	324	125	508
5446	5444	141	18.4397	1.08	30	0.1	0	1	0.5214	198.6	312	125	508
5448	5444	531	11.8644	1.08	30	0.3	0	2	2.1556	3.1	244	125	508
5450	5448	1572	11.4504	1.16	30	0.2	0	1	1.306	24.1	312	125	508
5452	5448	346	11.8497	1.08	30	0.1	0	1	0.6208	229.5	312	125	508
5454	5442	460	0.4348	1.11	30	7.3	0	52	289.5583	106	312	125	609
5456	5454	477	0.6289	1.09	30	7.3	0	51	288.3104	1.5	243	125	609
5458	5456	1821	5.0522	1.18	30	0.6	0	3	6.4104	1.3	243	125	609
5460	5458	1073	10.904	1.15	30	0.3	0	2	2.3566	16.4	311	87	609
5462	5460	644	16.4596	1.07	30	0.1	0	1	0.8726	6.3	243	87	609
5464	5460	305	16.7213	1.09	30	0.1	0	1	0.6212	0	243	87	609
5466	5458	2249	13.695	1.14	30	0.3	0	1	2.172	0.8	312	125	609
5468	5456	317	0.6309	1.05	30	7.2	0	50	281.4434	114	311	87	101
5470	5468	646	0.4644	1.23	30	7.2	0	49	280.7964	1.7	311	87	609
5472	5470	746	9.6515	1.13	30	0.1	0	1	0.7129	195.5	311	87	609
5474	5470	296	0.6757	1.08	30	7.1	0	48	279.6174	2.9	311	87	609
5476	5474	519	0.3854	1.07	30	7.1	1	47	278.1477	95.5	244	87	609
5478	5476	799	0.6258	1.08	30	7.1	0	46	276.2703	40.8	244	87	609
5480	5478	203	0.9852	1.11	30	7	0	45	274.6327	59.9	244	87	609
5482	5480	698	8.7393	1.04	30	0.4	0	3	3.697	2.2	312	87	609
5484	5482	541	21.9963	1.03	30	0.1	0	1	0.6332	293.2	312	35	609
5486	5482	514	17.7043	1.14	30	0.3	0	2	2.6493	2.1	312	87	609
5488	5486	489	14.3149	1	30	0.1	0	1	0.6842	310.1	244	35	609
5490	5486	1880	14.6809	1.08	30	0.2	0	1	1.8279	6.9	312	35	609
5492	5480	637	0.6279	1.14	30	7	0	44	270.6661	1.4	244	35	609
5494	5492	2797	11.9056	1.13	30	0.4	0	2	3.7397	0.9	312	35	609
5496	5494	171	14.0351	1.08	30	0.1	0	1	0.5353	552	312	87	609
5498	5494	267	6.367	1.15	30	0.1	0	1	0.8461	522	312	35	609
5500	5492	1478	0.6766	1.64	30	6.9	0	43	266.1511	0.4	323	35	609
5502	5500	1692	0.6501	1.48	30	6.8	0	42	257.9559	0.6	311	35	609
5504	5502	799	0.7509	1.48	30	6.7	0	41	255.6281	1.1	311	35	609
5506	5504	3402	12.4339	1.15	30	0.4	0	1	3.5807	9	311	35	609
5508	5504	962	0.7277	1.34	30	6.6	0	40	251.7672	1.1	324	35	609
5510	5508	608	21.0526	1.1	30	0.2	0	1	1.0585	56.7	311	35	609
5512	5508	1877	0.7991	1.79	30	6.6	1	39	250.1687	0.3	311	35	609
5514	5512	1436	0.8357	1.52	30	6.3	0	38	234.6943	1	311	35	609
5516	5514	883	1.0193	1.27	30	6.3	0	37	233.2152	2	311	35	609
5518	5516	1652	13.3777	1.18	30	0.2	0	1	1.2432	2	311	35	609
5520	5516	973	0.925	1.2	30	6.3	0	36	230.9036	11.7	311	35	609
5522	5520	2691	10.8881	1.18	30	0.2	0	1	1.8509	46	324	35	609
5524	5520	1021	1.0774	1.33	30	6.2	0	35	228.1443	1.4	311	35	609
5526	5524	2496	8.8141	1.13	30	0.4	0	2	4.0871	15.7	311	35	609
5528	5526	638	20.8464	1.14	30	0.2	0	1	1.1091	13.8	322	87	609
5530	5526	789	23.3207	1.1	30	0.1	0	1	0.8985	3.9	324	87	609
5532	5524	590	0.8475	1.09	30	6.1	0	34	223.3917	2.7	311	35	609
5534	5532	211	0.9479	1.11	30	5.4	0	33	185.2846	8.1	311	35	609
5536	5534	1024	7.5195	1.15	30	0.4	0	2	3.3321	140.7	311	35	609
5538	5536	108	18.5185	1.06	30	0.1	0	1	0.584	413	311	35	609
5540	5536	1886	13.4677	1.21	30	0.3	0	1	2.1119	1.5	311	35	609
5542	5534	3369	1.0092	1.64	30	5.3	0	32	181.8177	0.4	311	35	609
5544	5542	283	1.0601	1.15	30	4.9	1	31	161.5484	8.1	311	35	609
5546	5544	2165	5.9584	1.11	30	0.5	0	3	4.9841	122.2	311	35	609
5548	5546	742	16.0377	1.13	30	0.2	0	2	1.8175	4.9	311	35	609
5550	5548	192	22.3958	1.05	30	0.1	0	1	0.8432	87.7	311	35	609
5552	5548	191	19.8953	1.06	30	0.1	0	1	0.5446	11.9	311	87	609
5554	5546	620	18.0645	1.11	30	0.1	0	1	0.7788	11	311	35	609
5556	5544	1053	1.1396	1.35	30	4.8	1	30	156.4599	1.4	311	35	609
5558	5556	1330	5.1128	1.24	30	0.6	1	4	6.4795	6.9	311	35	609
5560	5558	878	6.1503	1.18	30	0.5	0	3	5.2594	3.4	313	35	609
5562	5560	1220	12.9508	1.13	30	0.4	0	2	3.242	43.7	311	35	609
5564	5562	359	38.1616	1.08	30	0.2	0	1	1.0683	699.7	324	87	310
5566	5562	237	21.097	1.07	30	0.1	0	1	0.8287	632	311	87	609
5568	5560	223	12.1076	1.15	30	0.2	0	2	1.2961	20.9	313	35	609
5570	5568	512	21.6797	1.29	30	0.1	0	1	0.5415	620.7	311	35	609
5572	5568	254	18.5039	1.08	30	0.1	0	1	0.642	117.8	311	35	609
5574	5558	358	15.9218	1.02	30	0.1	0	1	0.6026	66.5	311	35	609
5576	5556	1475	1.1525	2.13	30	4.7	0	29	149.5122	0.9	311	35	609
5578	5576	2530	0.9881	2.08	30	4.6	0	28	148.2541	90.8	311	35	609
5580	5578	1481	0.9453	2.63	30	4.6	0	27	146.3988	1.9	311	35	609
5582	5580	1478	5.8187	1.11	30	0.4	0	2	3.7972	26.5	311	35	609
5584	5582	1783	15.143	1.17	30	0.2	0	1	1.9127	224.8	311	35	609
5586	5582	356	16.2921	1.1	30	0.1	0	1	0.7013	26.3	311	35	609
5588	5580	1146	0.8726	2.68	30	4.5	1	26	141.8895	0	311	35	609
5590	5588	452	1.3274	1.13	30	4.4	0	25	137.0304	37.8	311	35	609
5592	5590	590	1.3559	1.09	30	2	0	14	41.0832	3.6	311	35	609
5594	5592	1727	3.3584	1.12	30	0.7	1	5	8.1021	1.5	311	35	609
5596	5594	774	17.7003	1.25	30	0.2	0	1	1.0012	228.7	324	35	609
5598	5594	814	7.371	1.16	30	0.5	0	4	5.9441	3.2	311	35	609
5600	5598	526	11.4068	1.08	30	0.4	0	3	3.8908	8.1	324	87	609
5602	5600	546	6.2271	1.09	30	0.3	0	2	2.6969	7.8	244	87	609
5604	5602	466	15.4506	1.08	30	0.2	0	1	1.1632	584.9	323	87	609
5606	5602	569	10.5448	1.1	30	0.2	0	1	1.1959	6.4	323	87	609
5608	5600	207	21.256	1.09	30	0.1	0	1	0.5683	17.8	244	87	609
5610	5598	772	19.6891	1.19	30	0.2	0	1	1.383	3.4	311	87	609
5612	5592	3079	1.9812	1.29	30	1.7	0	13	32.7692	0.6	311	35	609
5614	5612	198	2.5253	1.04	30	1.2	0	12	20.4754	16.9	311	35	609
5616	5614	1457	15.0309	1.11	30	0.2	0	1	1.81	6.7	311	35	609
5618	5614	519	3.8536	1.13	30	1.1	0	11	18.6108	7.2	311	35	609
5620	5618	1105	12.3982	1.08	30	0.3	0	2	2.6607	4	311	35	609
5622	5620	536	17.9104	1.13	30	0.1	0	1	0.8486	299.4	242	87	609
5624	5620	844	16.7062	1.21	30	0.2	0	1	1.1191	3.8	323	35	609
5626	5618	886	3.1603	1	30	1	0	10	15.7476	2.8	311	35	609
5628	5626	895	4.581	1.13	30	1	1	9	14.3981	3.1	311	35	609
5630	5628	2375	18.2737	1.2	30	0.2	0	1	1.7199	5	311	35	609
5632	5628	556	7.7338	1.07	30	0.8	0	8	11.1088	5.9	311	35	609
5634	5632	613	7.0147	1.08	30	0.7	0	7	9.6066	59	311	35	609
5636	5634	1534	19.2308	1.08	30	0.2	0	1	1.4044	113.1	324	87	610
5638	5634	614	13.0293	1.1	30	0.6	0	6	7.7457	16.6	311	35	609
5640	5638	997	10.8325	1.08	30	0.5	0	5	5.3921	6.7	323	31	610
5642	5640	227	3.0837	1.06	30	0.4	0	4	4.101	19.2	323	31	610
5644	5642	239	5.4393	1.08	30	0.3	0	3	2.8597	17.1	332	31	610
5646	5644	769	8.8427	1.09	30	0.3	0	2	2.1914	5.9	323	31	610
5648	5646	440	12.0455	1.22	30	0.2	0	1	0.9792	921	323	31	610
5650	5646	292	13.3562	1.07	30	0.1	0	1	0.6457	15.6	323	31	610
5652	5644	92	17.3913	1.08	30	0.1	0	1	0.5104	41.8	323	31	610
5654	5642	757	10.568	1.1	30	0.2	0	1	1.1333	466.7	323	31	610
5656	5640	377	45.0928	1.11	30	0.1	0	1	0.5684	43.2	332	31	610
5658	5638	1324	28.4743	1.17	30	0.2	0	1	1.4675	4.3	332	31	609
5660	5632	1904	23.2668	1.12	30	0.2	0	1	1.2625	1.7	323	31	609
5662	5626	1235	15.3846	1.13	30	0.1	0	1	0.8523	77.8	311	35	609
5664	5612	1359	3.4584	1.11	30	0.7	0	5	9.7242	2.4	311	35	609
5666	5664	1230	5.8537	1.22	30	0.2	0	1	1.5582	357.3	311	35	609
5668	5664	2265	6.8433	1.23	30	0.6	0	4	7.2902	1.1	311	35	609
5670	5668	2814	13.0064	1.3	30	0.4	0	3	4.4274	2.8	323	31	609
5672	5670	207	19.3237	1.08	30	0.1	0	1	0.5093	955.6	333	31	610
5674	5670	790	12.0253	1.1	30	0.3	0	2	2.0708	9.5	333	31	610
5676	5674	74	22.973	1.05	30	0.1	0	1	0.5115	1202	333	31	610
5678	5674	1058	20.8885	1.09	30	0.2	0	1	1.2949	8.1	333	31	610
5680	5668	1265	13.1225	1.14	30	0.2	0	1	1.5094	22.9	311	35	609
5682	5590	4808	1.0815	1.78	30	3.5	0	24	95.7984	4.9	311	35	609
5684	5682	2561	12.8856	1.12	30	0.3	1	1	2.6446	18.9	311	35	609
5686	5682	639	1.252	1.25	30	3.3	1	23	88.7196	37.8	311	35	609
5688	5686	2495	4.5691	1.13	30	0.6	1	2	7.9909	1.1	311	35	609
5690	5688	3177	13.1256	1.13	30	0.4	0	1	4.2738	0.9	311	35	609
5692	5688	492	19.9187	1.14	30	0.2	0	1	1.177	5.7	311	35	609
5694	5686	1170	1.6239	1.21	30	3.1	1	22	80.2242	4.7	311	35	609
5696	5694	243	0.823	1.27	30	0.1	0	1	0.5863	11.8	311	35	609
5698	5694	763	1.4417	1.68	30	3	0	21	79.073	417	311	35	609
5700	5698	185	20	1.15	30	0.1	0	1	0.5733	512.8	311	35	609
5702	5698	425	1.8824	1.15	30	3	0	20	78.1875	64.2	311	35	609
5704	5702	688	16.4244	1.12	30	0.1	0	1	0.7864	449.6	311	35	609
5706	5702	1469	1.7018	1.47	30	3	0	19	77.2797	284.1	311	35	609
5708	5706	541	1.6636	1.14	30	2.9	0	18	74.3035	7.3	324	35	609
5710	5708	852	16.4319	1.11	30	0.1	0	1	0.8288	485.2	311	35	609
5712	5708	74	1.3514	1.05	30	2.9	0	17	73.1259	59.2	311	35	609
5714	5712	1982	16.4985	1.17	30	0.2	0	1	1.8236	1.6	311	35	609
5716	5712	1137	1.847	1.66	30	2.8	1	16	71.2867	2.1	311	35	609
5718	5716	285	1.7544	1.18	30	2.6	1	15	63.4226	13.9	311	35	609
5720	5718	1980	2.5253	1.43	30	2.5	1	14	59.6871	1.5	311	35	609
5722	5720	6394	9.9312	1.31	30	0.5	1	1	5.0926	58.6	311	35	609
5724	5720	141	3.5461	1.2	30	2.3	0	13	53.0098	15.8	311	35	609
5726	5724	1005	1.99	2.04	30	2.2	0	12	49.1698	389.1	311	35	609
5728	5726	1583	2.7164	1.26	30	1.4	0	8	23.7955	1.8	311	35	609
5730	5728	545	16.6972	1.09	30	0.1	1	1	0.8299	271.2	311	35	609
5732	5728	1034	2.3211	1.16	30	1.3	1	7	21.5597	4.6	324	35	609
5734	5732	3470	11.4697	1.2	30	0.4	0	1	3.4082	8.2	324	31	609
5736	5732	78	1.2821	1.08	30	1.1	0	6	17.3176	50.5	324	35	310
5738	5736	1626	5.7811	1.16	30	0.7	0	5	8.8139	2.3	324	35	310
5740	5738	274	13.1387	1.1	30	0.6	0	4	7.0293	14.1	324	35	308
5742	5740	353	7.932	1.18	30	0.6	0	3	6.4645	11.4	323	31	308
5744	5742	1015	6.2069	1.19	30	0.3	0	2	2.7432	4.2	323	31	308
5746	5744	515	6.2136	1.14	30	0.1	0	1	0.8468	0	323	31	308
5748	5744	1571	9.8027	1.13	30	0.2	0	1	1.395	3	323	31	308
5750	5742	3073	11.4871	1.25	30	0.4	0	1	3.6107	54.9	323	31	308
5752	5740	88	20.4545	1.07	30	0.1	0	1	0.5112	831	323	31	609
5754	5738	711	9.0014	1.1	30	0.1	0	1	0.883	5.4	311	35	308
5756	5736	1871	4.7568	1.15	30	0.7	0	4	8.4931	2	311	35	310
5758	5756	201	12.4378	1.1	30	0.2	0	2	1.422	19.9	311	35	310
5760	5758	758	14.6438	1.08	30	0.1	0	1	0.8648	677.2	311	35	310
5762	5758	175	25.7143	1.08	30	0.1	0	1	0.5304	23.7	323	35	310
5764	5756	706	16.9972	1.09	30	0.5	0	3	5.1404	147.1	323	35	310
5766	5764	482	11.4108	1.06	30	0.4	0	2	4.4126	19.4	323	35	310
5768	5766	4564	6.3541	1.18	30	0.4	1	1	3.5997	99.5	323	31	310
5770	5766	235	22.1277	1.08	30	0.1	0	1	0.6355	786.9	323	35	310
5772	5764	57	42.1053	1	30	0.1	0	1	0.5241	234	323	35	310
5774	5726	2016	2.3313	1.55	30	1.4	0	11	24.9219	1.4	311	35	609
5776	5774	548	12.0438	1.15	30	0.1	0	1	0.6345	92.8	311	35	609
5778	5774	1146	2.356	1.84	30	1.3	0	10	22.7122	268	311	35	609
5780	5778	1574	5.6544	1.23	30	0.6	1	6	7.2469	2.7	242	35	609
5782	5780	491	11.4053	1.16	30	0.1	0	1	0.7401	840.7	323	35	609
5784	5780	127	3.937	1.17	30	0.5	0	5	5.3794	31.5	323	35	609
5786	5784	335	16.4179	1.07	30	0.1	0	1	0.6513	80.6	323	35	609
5788	5784	1754	7.8107	1.3	30	0.5	0	4	4.704	2.7	323	35	609
5790	5788	564	7.6241	1.1	30	0.3	0	3	3.121	8.7	323	35	609
5792	5790	911	16.1361	1.23	30	0.2	0	1	1.1871	138.5	323	31	310
5794	5790	117	9.4017	1.08	30	0.2	0	2	1.7643	23.3	323	31	310
5796	5794	1212	15.3465	1.1	30	0.1	0	1	0.88	446.2	323	31	310
5798	5794	487	24.23	1.21	30	0.1	0	1	0.8644	816.2	323	31	310
5800	5788	271	20.2952	1.08	30	0.1	0	1	0.5816	15.2	333	31	310
5802	5778	1119	2.8597	1.3	30	1	1	9	14.6295	6.4	311	35	609
5806	5802	360	3.0556	1.13	30	0.9	0	8	13.2965	13.2	311	35	609
5808	5806	1334	3.3733	1.49	30	0.8	0	7	11.6914	2.8	311	35	609
5810	5808	739	3.5183	1.13	30	0.8	0	6	10.0426	150.3	324	31	609
5812	5810	546	3.663	1.09	30	0.7	0	5	8.351	7.7	312	31	609
5814	5812	365	30.411	1.06	30	0.1	0	1	0.5599	873	333	31	609
5816	5812	1154	4.3328	1.23	30	0.6	0	4	7.1681	3.4	312	31	605
5818	5816	331	23.8671	1.14	30	0.2	0	2	1.1458	21.2	333	31	609
5820	5818	114	34.2105	1.03	30	0.1	0	1	0.5228	1090	333	31	609
5822	5818	195	24.6154	1.2	30	0.1	0	1	0.5484	36.7	333	31	609
5824	5816	362	4.1436	1.12	30	0.5	0	3	4.7889	12	323	35	605
5826	5824	919	8.2699	1.17	30	0.3	0	2	2.3231	113.5	323	35	605
5828	5826	633	19.5893	1.15	30	0.2	0	1	1.0836	293.8	312	35	605
5830	5826	1009	19.227	1.18	30	0.1	0	1	0.8413	4.9	312	35	605
5832	5824	1236	6.7961	1.36	30	0.3	0	2	2.1555	22.8	324	35	605
5834	5832	406	15.5172	1.12	30	0.1	0	1	0.6738	1014	312	35	605
5836	5832	38	28.9474	1.06	30	0.1	0	1	0.6562	322.6	324	35	605
5838	5810	273	17.2161	1.08	30	0.1	0	1	0.5932	13.9	312	35	609
5840	5808	834	12.7098	1.15	30	0.2	0	1	0.9756	18.7	322	35	605
5842	5806	604	17.3841	1.12	30	0.1	0	1	0.6764	63	311	35	609
5844	5724	1332	9.4595	1.25	30	0.4	0	2	3.8222	2.2	311	35	609
5846	5844	867	20.4152	1.15	30	0.2	0	1	1.0168	3.9	311	35	609
5848	5844	2207	10.8745	1.08	30	0.3	0	1	2.193	237.8	311	35	609
5850	5718	2170	12.0276	1.29	30	0.4	0	2	3.6722	1.1	311	35	609
5852	5850	1413	8.7757	1.14	30	0.2	0	1	1.6949	2.9	313	35	609
5854	5850	324	19.4444	1.12	30	0.1	0	1	0.5974	10.9	311	35	609
5856	5716	2286	6.168	1.22	30	0.6	1	4	7.2152	2.2	311	35	609
5858	5856	1753	13.4056	1.18	30	0.4	0	3	3.6036	2.5	312	35	609
5860	5858	152	8.5526	1.06	30	0.1	0	1	0.8097	725.6	322	31	609
5862	5858	941	14.6652	1.16	30	0.2	0	2	1.6931	4.8	323	31	609
5864	5862	277	8.3032	1.21	30	0.1	0	1	0.7495	896.6	323	31	609
5866	5862	364	12.0879	1.17	30	0.1	0	1	0.568	1009.8	323	31	609
5868	5856	2619	15.1585	1.22	30	0.2	0	1	1.7118	51.5	322	31	609
5870	5706	1573	16.0839	1.2	30	0.2	0	1	1.5184	2.1	324	35	609
5872	5588	1295	7.722	1.2	30	0.4	0	2	4.4479	1.4	311	35	609
5874	5872	493	16.43	1.07	30	0.1	0	1	0.7864	4.5	311	35	609
5876	5872	2013	9.3393	1.44	30	0.3	0	1	2.6552	276.9	311	35	609
5878	5578	149	18.7919	1.07	30	0.1	0	1	0.5221	10	311	35	609
5880	5576	391	19.9488	1.1	30	0.1	0	1	0.6845	3.5	311	35	609
5882	5542	1618	3.7701	1.32	30	1.1	1	9	16.9814	1	244	35	609
5884	5882	1288	13.2764	1.13	30	0.2	0	1	1.1387	98.7	311	35	609
5886	5882	395	3.5443	1.46	30	1	0	8	14.5515	5.3	311	35	609
5888	5886	718	3.3426	1.14	30	0.9	0	7	13.3745	4.3	311	35	609
5890	5888	546	28.7546	1.09	30	0.1	0	1	0.6728	429.7	244	35	609
5892	5888	1390	6.4029	1.38	30	0.9	0	6	12.4144	1.5	311	35	609
5894	5892	645	19.3798	1.12	30	0.1	0	1	0.8844	495.9	313	35	609
5896	5892	60	3.3333	1	30	0.8	0	5	10.2596	21.3	313	35	609
5898	5896	1768	7.5792	1.51	30	0.7	0	4	9.4245	1.6	313	35	609
5900	5898	127	7.874	1.08	30	0.5	0	3	6.075	32.7	311	35	609
5902	5900	1179	8.6514	1.15	30	0.3	0	2	2.6274	4.7	313	35	609
5904	5902	467	14.3469	1.07	30	0.1	0	1	0.7649	97.5	311	35	609
5906	5902	861	15.0987	1.19	30	0.2	0	1	1.1313	49.1	313	35	609
5908	5900	2818	8.1973	1.15	30	0.4	1	1	3.4296	1.1	324	35	609
5910	5898	2322	9.5607	1.32	30	0.2	0	1	1.6391	1.2	324	35	609
5912	5896	562	17.2598	1.1	30	0.1	0	1	0.8284	3.7	311	35	609
5914	5886	236	28.3898	1.09	30	0.1	0	1	0.707	5.4	311	35	609
5916	5532	2484	1.9324	1.68	30	1.9	1	11	37.8141	0.6	311	35	609
5918	5916	1673	2.1518	1.59	30	1.7	0	10	32.4993	0.8	311	35	609
5920	5918	627	2.5518	1.36	30	1.6	0	9	30.6103	311	311	35	609
5922	5920	2950	2.8814	1.54	30	1.4	0	8	25.015	0.6	311	35	609
5924	5922	766	4.9608	1.13	30	0.9	1	7	13.7592	6.1	313	35	609
5926	5924	505	2.7723	1.13	30	0.9	0	6	12.4052	6.6	244	35	609
5928	5926	573	4.712	1.15	30	0.6	0	5	6.9885	4.6	312	35	609
5930	5928	626	18.2109	1.19	30	0.1	0	1	0.7699	39.6	311	35	609
5932	5928	565	4.7788	1.1	30	0.5	0	4	5.8739	4.7	312	35	609
5934	5932	991	5.8527	1.23	30	0.4	1	3	3.3934	4.2	312	35	609
5936	5934	64	14.0625	1.05	30	0.1	0	1	0.6753	122.4	313	35	609
5938	5934	1154	9.792	1.34	30	0.2	0	2	1.9366	13.8	312	35	605
5940	5938	247	14.5749	1.12	30	0.1	0	1	0.6002	17.7	312	35	609
5942	5938	427	12.6464	1.1	30	0.1	0	1	0.6983	374.2	312	35	605
5944	5932	2444	12.0295	1.2	30	0.3	0	1	1.9765	9.8	322	35	605
5946	5926	724	5.8011	1.27	30	0.5	0	3	5.0602	484.6	312	35	609
5948	5946	342	27.193	1.12	30	0.1	0	1	0.7471	7.2	324	35	605
5950	5946	1327	9.4951	1.31	30	0.4	0	2	3.9659	2.4	312	35	605
5952	5950	1254	14.992	1.15	30	0.3	0	1	2.0281	103.6	322	35	605
5954	5950	658	22.3404	1.08	30	0.2	0	1	1.0537	7.1	312	35	605
5956	5924	539	17.0686	1.11	30	0.1	0	1	0.8325	4.4	313	35	609
5958	5922	1757	5.5208	1.24	30	0.7	1	5	8.6753	2	311	35	609
5960	5958	145	38.6207	1.08	30	0.1	0	1	0.5158	18.9	312	35	609
5962	5958	751	8.1225	1.29	30	0.6	0	4	6.7026	3.9	312	35	605
5964	5962	354	29.661	1.08	30	0.1	0	1	0.6437	162	312	35	605
5966	5962	1124	6.6726	1.16	30	0.5	0	3	5.6361	4.8	312	35	605
5968	5966	2435	17.1663	1.2	30	0.4	0	1	3.324	1.9	312	35	605
5970	5966	273	16.1172	1.08	30	0.2	0	2	1.3217	21.5	312	35	605
5972	5970	221	25.7919	1.08	30	0.1	0	1	0.5991	247.7	312	35	605
5974	5970	139	20.8633	1.07	30	0.1	0	1	0.6683	30.6	312	35	605
5976	5920	2067	10.4015	1.21	30	0.5	0	3	5.3141	0.9	322	35	609
5978	5976	149	8.0537	1.07	30	0.3	0	2	2.9245	25.3	333	35	609
5980	5978	751	24.1012	1.11	30	0.2	0	1	0.9685	6	323	35	609
5982	5978	2180	18.8073	1.34	30	0.2	0	1	1.8395	14	333	35	609
5984	5976	159	9.434	1.22	30	0.1	0	1	0.5768	16.7	322	35	609
5986	5918	576	17.7083	1.12	30	0.1	0	1	0.7371	3.6	311	35	609
5988	5916	2246	11.2199	1.24	30	0.3	0	2	3.1094	2.9	311	35	609
5990	5988	581	15.4905	1.09	30	0.1	0	1	0.7871	480.6	311	35	609
5992	5988	605	16.8595	1.14	30	0.1	0	1	0.8045	4.4	311	35	609
5994	5514	245	27.7551	1.11	30	0.1	0	1	0.5971	5.8	311	35	609
5996	5512	2557	3.9108	1.45	30	0.9	0	4	14.0202	0.3	311	35	609
5998	5996	1817	6.4942	1.18	30	0.6	0	3	6.6661	36	311	35	609
6000	5998	221	22.6244	1.12	30	0.1	0	1	0.6426	229.7	322	35	609
6002	5998	634	11.1987	1.23	30	0.4	0	2	4.3102	27.2	322	35	609
6004	6002	225	20.8889	1.1	30	0.1	0	1	0.5326	113.6	323	35	609
6006	6002	2740	18.9781	1.15	30	0.4	0	1	3.4198	1.3	323	35	609
6008	5996	1380	6.087	1.37	30	0.5	0	2	5.9997	4.4	311	35	609
6010	6008	2138	12.2077	1.4	30	0.3	0	1	2.4306	1.4	311	35	609
6012	6008	2623	17.4228	1.24	30	0.3	0	1	2.5182	99.4	312	35	609
6014	5502	97	9.2784	1.08	30	0.1	0	1	0.5062	6.6	311	35	609
6016	5500	425	2.8235	1.1	30	0.6	0	3	6.5602	1.7	311	35	609
6018	6016	236	7.2034	1.09	30	0.3	0	2	1.9573	5.5	311	35	609
6020	6018	589	23.5993	1.15	30	0.1	0	1	0.8744	230.4	311	87	609
6022	6018	1572	15.6489	1.15	30	0.2	0	1	0.9946	0.7	311	87	609
6024	6016	3538	9.1012	1.14	30	0.4	0	2	4.4068	0.9	311	35	609
6026	6024	747	7.3628	1.11	30	0.2	0	1	1.0597	5.7	311	35	609
6028	6024	155	16.129	1.08	30	0.1	0	1	0.5337	51.2	311	35	609
6030	5478	641	10.9204	1.16	30	0.1	0	1	0.629	2.2	323	35	609
6032	5476	1351	13.1014	1.09	30	0.2	0	1	1.5358	0.5	244	87	609
6034	5474	594	10.9428	1.09	30	0.2	0	1	1.2058	0.9	311	87	609
6036	5468	571	11.2084	1.2	30	0.1	0	1	0.615	1.4	311	125	101
6038	5454	260	0.7692	1.44	30	0.1	0	1	0.9021	1.5	222	125	101
6040	5412	332	1.506	1.33	30	0.1	0	1	0.7874	0.7	211	125	101
6042	5410	338	1.7751	1.13	30	0.9	0	6	12.3235	1.2	311	125	101
6044	6042	705	4.539	1.12	30	0.1	0	1	0.6773	0	311	125	101
6046	6042	1601	1.624	1.15	30	0.8	0	5	11.6104	0.2	243	125	101
6048	6046	117	2.5641	1.17	30	0.6	0	4	6.6381	4	243	125	101
6050	6048	72	6.9444	1.08	30	0.1	0	1	0.5067	161	311	125	101
6052	6048	1082	2.8651	1.13	30	0.5	0	3	6.1088	0.6	311	125	101
6054	6052	819	5.1282	1.13	30	0.4	0	2	3.8455	1.7	311	125	101
6056	6054	1945	8.8946	1.09	30	0.2	0	1	1.8421	37.9	323	125	101
6058	6054	1018	14.1454	1.12	30	0.2	0	1	1.2046	103.7	324	125	508
6060	6052	373	9.6515	1.07	30	0.2	0	2	1.6832	2.1	243	125	508
6062	6060	361	16.8975	1.15	30	0.1	0	1	0.7638	199.3	324	125	508
6064	6060	711	12.6582	1.06	30	0.1	0	1	0.7213	10.8	324	125	508
6066	6046	1320	5.5303	1.14	30	0.4	0	2	3.6984	0.4	243	125	101
6068	6066	198	11.6162	1.04	30	0.1	0	1	0.8744	240	231	125	508
6070	6066	696	12.6437	1.12	30	0.2	0	1	1.1777	7	243	125	508
6072	5408	1024	2.0508	1.15	30	0.1	0	1	0.8028	0.3	211	125	101
6074	5406	480	1.4583	1.22	30	0.1	0	1	0.6917	49.3	323	125	101
6076	5396	1116	0.7168	1.16	30	0.2	0	1	1.0983	0.2	212	67	101
6078	5394	1220	5.5738	1.1	30	0.2	0	1	1.1453	54.4	321	125	508
6080	5392	2062	1.0669	1.15	30	0.6	0	4	7.2087	0.1	222	67	101
6082	6080	1363	4.4754	1.19	30	0.2	0	1	1.0737	35.6	212	125	508
6084	6080	380	1.5789	1.12	30	0.5	0	3	5.1861	52	212	125	508
6086	6084	77	1.2987	1.06	30	0.4	0	2	3.4033	7.7	212	125	508
6088	6086	1113	5.6604	1.18	30	0.2	0	1	1.4778	41.1	311	125	508
6090	6086	1372	5.5394	1.14	30	0.2	0	1	1.9087	0.3	311	125	508
6092	6084	1628	6.6339	1.23	30	0.2	0	1	1.7149	0.2	311	125	508
6094	5390	569	0.8787	1.41	30	0.1	0	1	0.6522	0.2	222	67	101
6096	5388	979	0.3064	1.14	30	13.4	0	127	716.8111	7.8	222	67	101
6098	6096	301	2.6578	1.08	30	0.1	0	1	0.7738	42	222	67	101
6100	6096	1226	0.1001	1.08	30	13.4	0	126	715.4115	0.3	324	67	101
6102	6100	965	0.1001	1.2	30	13.4	0	125	713.8918	0.2	222	67	101
6104	6102	1744	0.0573	1.38	30	13.4	0	124	709.6026	3.7	222	67	101
6106	6104	402	0.2488	1.13	30	13.3	0	123	706.289	48.9	311	67	101
6108	6106	396	2.2727	1.14	30	0.1	0	1	0.5559	71	311	67	508
6110	6106	496	0.2016	1.1	30	13.3	0	122	705.2799	0.7	231	67	101
6112	6110	157	0.6369	1.11	30	13.3	0	121	704.4816	2	231	67	101
6114	6112	1580	1.3924	1.16	30	0.5	0	4	5.0916	0.4	231	67	101
6116	6114	460	2.3913	1.08	30	0.4	0	3	3.8248	0.9	311	67	508
6118	6116	617	2.5932	1.16	30	0.3	0	2	3.0067	1.3	311	125	508
6120	6118	2045	3.7164	1.21	30	0.2	0	1	1.9013	1.2	311	125	508
6122	6118	442	5.4299	1.16	30	0.1	0	1	0.6448	113	311	125	508
6124	6116	381	7.874	1.13	30	0.1	0	1	0.6268	1.4	311	125	508
6126	6114	20	5	1	30	0.1	0	1	0.5003	51.2	311	125	101
6128	6112	633	0.158	1.13	30	13.2	0	120	699.3446	0.5	212	67	101
6130	6128	751	0.2663	1.13	30	13.2	0	119	697.5018	22.9	212	67	101
6132	6130	295	0.339	1.08	30	13.2	0	118	694.0632	0.6	212	67	101
6134	6132	247	0.4049	1.08	30	13.1	0	117	692.3576	0.8	222	125	101
6136	6134	1862	0.0537	1.32	30	13.1	0	116	689.9425	0.1	222	125	101
6140	6138	1543	0.1296	1.11	30	13	0	114	682.9959	0.3	212	125	101
6142	6140	1052	0.0951	1.73	30	13	0	113	681.3913	0.2	212	125	101
6144	6142	114	0.1001	1.03	30	13	0	112	679.6621	1.5	212	125	101
6146	6144	1215	0.0823	1.36	30	12.6	0	111	652.2418	0.2	212	125	101
6148	6146	1579	2.2799	1.35	30	0.2	0	1	1.1101	8.9	211	67	101
6150	6146	1933	0.1035	3.04	30	12.6	0	110	649.993	0.1	212	67	101
6152	6150	440	0.2273	1.16	30	12.6	0	109	648.5353	0.4	222	67	101
6154	6152	366	0.1001	1.12	30	12.6	0	108	647.8755	0.5	211	125	101
6156	6154	747	0.2677	1.29	30	12.6	0	107	647.0167	0.2	212	125	101
6158	6156	215	0.1001	1.12	30	12.5	0	106	645.6978	34	211	125	101
6160	6158	1292	0.1548	1.26	30	12.5	0	105	640.0921	0.1	212	125	101
6162	6160	119	1.6807	1.04	30	12.2	0	104	616.991	1.3	222	125	101
6164	6162	2297	0.2177	1.39	30	12.1	1	103	614.5871	0.1	222	125	508
6166	6164	572	0.5245	1.24	30	12.1	0	102	610.7756	1.8	222	125	508
6168	6166	101	0.1001	1.07	30	12.1	0	101	609.8457	4	222	125	508
6170	6168	928	2.9095	1.2	30	0.1	0	1	0.8422	2.3	222	125	508
6172	6168	173	2.3121	1.14	30	12	0	100	608.562	3.1	222	125	508
6174	6172	1294	0.541	1.06	30	12	0	99	607.6218	0.4	222	125	508
6176	6174	40	0.1001	1	30	12	0	98	602.7037	11.8	244	125	508
6178	6176	1701	1.4109	1.36	30	12	0	97	601.9389	0.5	324	125	506
6180	6178	210	1.9048	1.05	30	11.9	0	96	599.1903	31.8	311	119	506
6182	6180	1718	14.1444	1.3	30	0.2	0	1	1.7723	0.5	324	119	506
6184	6180	444	2.7027	1.14	30	11.9	0	95	597.3539	1.8	311	119	506
6186	6184	117	4.2735	1.08	30	11.9	0	94	595.7882	106.8	311	119	506
6188	6186	1562	2.2407	1.11	30	11.9	0	93	594.7695	24.5	324	119	506
6190	6188	1235	7.4494	1.11	30	1.3	0	7	22.8829	1.4	311	119	506
6192	6190	692	8.0925	1.15	30	1.1	0	6	16.6606	4.9	311	119	506
6194	6192	564	23.5816	1.07	30	0.1	0	1	0.5576	442	311	119	506
6196	6192	472	8.4746	1.12	30	1	0	5	15.3856	4.3	311	119	506
6198	6196	3009	9.8372	1.15	30	0.5	0	3	6.053	4.9	311	119	506
6200	6198	631	9.0333	1.08	30	0.2	0	1	1.0054	350.4	311	119	508
6202	6198	418	3.5885	1.15	30	0.3	0	2	2.2219	10.8	311	119	508
6204	6202	648	5.4012	1.14	30	0.2	0	1	1.0457	392.7	311	119	508
6206	6202	350	4.5714	1.07	30	0.2	0	1	0.9864	36.8	311	119	508
6208	6196	1011	10.089	1.09	30	0.7	0	4	8.9526	2	311	119	506
6210	6208	2274	10.9938	1.08	30	0.4	0	2	3.6602	2.3	311	119	506
6212	6210	157	8.9172	1.12	30	0.1	0	1	0.6486	0	311	119	508
6214	6210	573	6.6318	1.2	30	0.2	0	1	1.0691	288.8	313	119	508
6216	6208	1778	10.4049	1.11	30	0.4	0	3	4.0444	136.9	311	119	506
6218	6216	387	8.0103	1.09	30	0.2	0	2	1.6842	11.2	322	119	506
6220	6218	374	13.6364	1.08	30	0.1	0	1	0.6632	107.6	311	119	506
6224	6216	345	16.2319	1.06	30	0.1	0	1	0.6146	25.4	322	119	506
6226	6190	488	13.1148	1.16	30	0.5	0	3	5.0504	39.3	311	119	506
6228	6226	142	11.9718	1.07	30	0.4	0	2	3.6819	22.1	311	119	506
6230	6228	2229	16.5994	1.13	30	0.2	0	1	1.7317	41.3	311	119	506
6232	6228	2153	16.7673	1.11	30	0.2	0	1	1.8467	1.4	322	119	506
6234	6226	946	19.0275	1.08	30	0.2	0	1	1.166	2.7	311	119	506
6236	6188	1420	2.1127	1.12	30	11.5	0	92	570.448	1.5	324	119	506
6238	6236	827	19.5889	1.25	30	0.1	0	1	0.7877	258.6	311	119	506
6240	6236	1178	2.4618	1.23	30	11.5	0	91	566.9708	1.3	311	119	506
6242	6240	421	16.6271	1.07	30	0.4	0	3	3.373	16.2	311	119	506
6244	6242	244	27.459	1.08	30	0.1	0	1	0.551	367.6	311	119	506
6246	6242	1424	17.2051	1.13	30	0.3	0	2	2.2851	3	311	119	506
6248	6246	318	18.8679	1.09	30	0.1	0	1	0.6454	258.3	311	119	506
6250	6246	151	20.5298	1.08	30	0.1	0	1	0.5243	623	324	119	506
6252	6240	659	1.0622	1.22	30	11.4	0	90	562.1297	2.9	324	119	506
6254	6252	2315	14.6004	1.22	30	0.3	0	1	2.0322	7.5	311	119	506
6256	6252	722	0.554	1.33	30	11.4	0	89	559.392	196.8	112	119	506
6258	6256	151	1.3245	1.08	30	11.3	0	88	556.4746	7.3	244	119	506
6260	6258	909	11.5512	1.09	30	0.2	0	1	1.0348	26.2	112	119	506
6262	6258	313	0.639	1.09	30	11.3	0	87	555.3979	6.7	244	119	506
6264	6262	1340	12.9104	1.09	30	0.1	0	1	0.8125	25.6	311	87	506
6266	6262	77	1.2987	1.06	30	11.3	0	86	554.3425	15.2	244	119	506
6268	6266	1188	0.5892	1.35	30	11.3	0	85	552.8923	2.9	322	119	506
6270	6268	818	0.8557	1.23	30	11.2	0	84	549.7862	2	322	119	506
6272	6270	70	4.2857	1	30	10.9	0	83	523.7349	28.2	322	87	506
6274	6272	134	29.8507	1.03	30	0.1	0	1	0.5064	357.6	322	87	506
6276	6272	2684	5.0671	1.19	30	10.9	0	82	523.2159	0.7	322	87	506
6278	6276	1425	1.8246	1.28	30	1.8	0	14	36.4597	2	322	87	506
6280	6278	592	7.7703	1.14	30	0.5	0	4	5.0478	3.8	322	87	506
6282	6280	618	12.945	1.09	30	0.2	0	1	1.2578	131.5	311	119	506
6284	6280	667	10.1949	1.1	30	0.4	0	3	3.1964	3.4	231	87	506
6286	6284	629	12.8776	1.08	30	0.1	0	1	0.762	414.6	311	119	506
6288	6284	740	9.8649	1.1	30	0.3	0	2	2.2563	4.5	231	87	506
6290	6288	1324	13.2175	1.14	30	0.2	0	1	1.1343	18.5	311	119	506
6292	6288	383	12.7937	1.07	30	0.1	0	1	0.7311	69.4	311	119	506
6294	6278	443	3.6117	1.25	30	1.6	0	13	30.3364	6.9	311	119	506
6296	6294	863	2.2016	1.1	30	1.6	0	12	29.4135	3.1	311	119	506
6298	6296	67	1.4925	1.04	30	1.5	0	11	27.5423	41	311	119	506
6300	6298	705	4.6809	1.09	30	1.3	0	10	21.4214	3.5	311	119	506
6302	6300	1236	3.8026	1.11	30	1.2	0	9	19.2843	472.3	311	119	506
6304	6302	2239	7.1014	1.17	30	0.5	0	2	5.0421	1.4	311	119	506
6306	6304	757	6.0766	1.09	30	0.2	0	1	1.4018	520.3	311	119	508
6308	6304	1132	10.9541	1.09	30	0.2	0	1	1.3474	3	311	119	506
6310	6302	84	4.7619	1.04	30	0.9	0	8	13.1229	41.2	311	119	506
6312	6310	699	4.8641	1.13	30	0.9	0	7	12.5829	5.7	311	119	506
6314	6312	1661	11.0777	1.15	30	0.2	0	1	1.65	60.3	311	119	506
6316	6312	943	3.6055	1.34	30	0.8	0	6	10.1718	141	311	119	506
6318	6316	669	3.438	1.19	30	0.7	0	5	8.418	4.2	311	119	508
6320	6318	764	2.2251	1.08	30	0.5	0	4	4.8833	17	311	119	508
6322	6320	466	7.2961	1.08	30	0.2	0	1	1.099	13.8	324	119	508
6324	6320	175	2.8571	1.22	30	0.3	0	3	3.0319	17.7	311	119	508
6326	6324	1445	7.6817	1.26	30	0.2	0	1	1.781	93.5	324	119	508
6328	6324	207	4.8309	1.12	30	0.2	0	2	1.2169	85.2	311	119	508
6330	6328	137	7.2993	1.12	30	0.1	0	1	0.513	684	311	119	508
6332	6328	230	7.3913	1.06	30	0.1	0	1	0.6475	639	311	119	508
6334	6318	1301	7.6864	1.24	30	0.3	0	2	3.0677	3.2	231	119	508
6336	6334	138	12.3188	1.06	30	0.1	0	1	0.6219	30.1	311	119	508
6338	6334	868	9.6774	1.2	30	0.2	0	1	1.1399	7.8	231	119	508
6340	6316	768	9.7656	1.18	30	0.2	0	1	1.0873	3.7	311	119	508
6342	6310	155	9.6774	1.14	30	0.1	0	1	0.5261	15.1	311	119	506
6344	6300	1777	13.5622	1.13	30	0.2	0	1	1.6965	1.9	311	119	506
6346	6298	888	8.2207	1.1	30	0.5	0	3	6.1048	3.7	311	119	506
6348	6346	1018	7.5639	1.13	30	0.4	0	2	3.4207	144.3	311	119	506
6350	6348	1725	13.3913	1.15	30	0.2	0	1	1.8765	194.6	311	119	506
6352	6348	472	14.1949	1.27	30	0.1	0	1	0.619	8.5	311	119	506
6354	6346	1536	8.3984	1.19	30	0.3	0	1	2.0573	1.4	311	119	506
6356	6296	720	14.5833	1.08	30	0.2	0	1	1.0031	2.6	311	119	506
6358	6294	242	17.7686	1.05	30	0.1	0	1	0.712	6.1	322	87	506
6360	6276	1592	0.691	1.12	30	10.3	0	81	484.1569	1.6	322	87	610
6362	6360	1283	18.5503	1.15	30	0.2	0	1	1.238	17.2	324	87	506
6364	6360	252	0.7937	1.05	30	10.3	0	80	481.4065	7	322	87	610
6366	6364	2640	10.1515	1.14	30	0.3	0	1	2.7642	2.9	311	87	506
6368	6364	436	0.6881	1.07	30	10.2	0	79	478.5655	8.1	322	87	610
6370	6368	798	0.5013	1.15	30	10.2	0	78	477.075	3.9	322	87	610
6372	6370	776	0.6443	1.06	30	10.2	0	77	475.2831	2.6	322	87	610
6374	6372	297	0.3367	1.45	30	10.2	1	76	474.2465	66.1	322	87	610
6376	6374	454	0.4405	1.05	30	10	0	75	464.197	35.9	322	87	610
6378	6376	852	9.3897	1.09	30	0.1	0	1	0.9025	384	311	87	610
6380	6376	1697	0.4125	2.24	30	10	0	74	462.868	4.3	324	87	508
6382	6380	720	0.4167	1.08	30	10	0	73	460.8661	3.4	223	87	508
6384	6382	565	0.354	1.08	30	10	0	72	459.3121	4.8	211	87	508
6386	6384	2179	9.4998	1.19	30	0.3	0	1	2.2515	1.3	311	87	610
6388	6384	374	0.5348	1.11	30	9.9	0	71	456.518	184.5	223	87	610
6390	6388	226	3.9823	1.1	30	0.7	0	6	8.8532	8.4	223	87	610
6392	6390	263	9.8859	1.11	30	0.1	0	1	0.5489	430	223	87	610
6394	6390	853	10.9027	1.21	30	0.7	0	5	8.2653	2.3	223	87	610
6396	6394	1106	7.2333	1.16	30	0.6	0	4	7.0603	0	323	87	610
6398	6396	911	25.5763	1.09	30	0.2	0	1	1.5767	121.4	223	87	610
6400	6396	529	6.2382	1.1	30	0.5	0	3	4.7766	7.4	323	87	610
6402	6400	1805	24.8199	1.15	30	0.4	0	2	3.6624	4.2	223	87	610
6404	6402	1096	4.927	1.74	30	0.2	0	1	1.3585	367.3	323	99	508
6406	6402	1474	13.0936	1.29	30	0.1	0	1	0.8001	291.3	323	99	508
6408	6400	653	9.4946	1.06	30	0.1	0	1	0.7612	6.5	311	87	610
6410	6394	569	14.7627	1.1	30	0.1	0	1	0.704	4.7	324	87	610
6412	6388	886	0.3386	1.3	30	9.8	0	70	447.5405	14.5	311	87	508
6414	6412	1686	0.5338	1.52	30	9.7	0	69	444.6886	0	311	87	508
6416	6414	2597	10.1271	1.19	30	0.3	0	1	2.2741	68	243	87	610
6418	6414	147	0.6803	1.11	30	9.7	0	68	441.1611	8.2	223	87	508
6420	6418	724	0.2762	1.15	30	9.6	0	67	437.7926	4.1	242	87	508
6422	6420	502	0.3984	1.11	30	9.6	0	66	432.294	5.5	222	87	508
6424	6422	883	7.8143	1.14	30	0.6	0	3	6.4942	2.9	311	87	508
6426	6424	597	15.0754	1.14	30	0.2	0	1	1.0623	522	223	87	310
6428	6424	2699	11.7821	1.29	30	0.5	0	2	4.8289	1	211	87	310
6430	6428	1191	29.3031	1.09	30	0.2	0	1	1.0696	592.1	321	99	310
6432	6428	1439	16.6088	1.17	30	0.2	0	1	1.89	246.5	323	99	310
6434	6422	321	0.6231	1.05	30	9.5	0	65	425.1484	10.4	222	87	508
6436	6434	595	0.3361	1.08	30	9.4	0	64	423.9589	380.7	311	87	310
6438	6436	755	15.0993	1.1	30	0.1	0	1	0.7544	312.9	311	87	310
6440	6436	57	1.7544	1	30	9.4	0	63	422.5872	83	323	87	310
6442	6440	422	13.0332	1.08	30	0.1	0	1	0.607	498	323	87	310
6444	6440	667	0.4498	1.09	30	9.4	0	62	421.9644	4.1	311	87	508
6446	6444	383	0.2611	1.07	30	9.3	0	61	416.4022	6.5	311	87	310
6448	6446	97	2.0619	1.08	30	9.3	0	60	415.5911	16.8	311	87	310
6450	6448	506	0.3953	1.06	30	9.3	0	59	413.8608	3.8	311	87	310
6452	6450	295	35.2542	1.04	30	0.1	0	1	0.5536	622	311	87	310
6454	6450	1403	0.7128	1.11	30	9.3	0	58	413.0089	2.2	311	87	310
6456	6454	122	0.8197	1.11	30	9.2	0	57	405.1924	17.6	311	87	310
6458	6456	54	0.1001	1.06	30	9.1	0	56	402.6641	39.6	311	87	310
6460	6458	459	0.1001	1.08	30	9.1	0	55	400.3391	409.8	222	87	310
6462	6460	1125	31.2889	1.13	30	0.2	0	1	1.0221	232.5	311	87	310
6464	6460	603	0.6633	1.16	30	9.1	0	54	399.0591	31.2	311	87	310
6466	6464	857	20.5368	1.11	30	0.1	0	1	0.7246	303.9	311	87	310
6468	6464	289	0.346	1.07	30	9	0	53	397.7711	6.5	223	87	310
6470	6468	40	0.1001	1	30	9	0	52	396.7325	86.1	223	87	310
6472	6470	2197	37.096	1.1	30	0.2	0	1	1.0461	177.3	311	87	310
6474	6470	64	0.1001	1.05	30	9	0	51	395.6745	367.5	311	87	310
6476	6474	215	0.4651	1.08	30	9	0	50	392.3592	21	311	87	310
6478	6476	594	29.6296	1.08	30	0.1	0	1	0.701	179.3	311	87	310
6480	6476	431	1.8561	1.06	30	8.9	0	49	391.6251	0	311	87	310
6482	6480	221	16.7421	1.07	30	0.1	0	1	0.8591	219.5	311	87	310
6484	6480	1210	0.4959	1.08	30	8.9	0	48	390.6034	3.8	324	87	310
6486	6484	1811	33.7935	1.1	30	0.2	0	1	1.7422	139.3	323	87	310
6488	6484	858	0.5828	1.09	30	8.9	0	47	387.9492	3.1	311	87	310
6490	6488	1937	20.3407	1.16	30	0.4	0	3	3.4414	2.2	323	87	310
6492	6490	34	2.9412	1.08	30	0.2	0	2	1.3961	91.7	323	99	310
6494	6492	48	6.25	1.08	30	0.1	0	1	0.7166	940	333	99	310
6496	6492	220	3.6364	1.11	30	0.1	0	1	0.6631	20.4	323	99	310
6498	6490	470	16.383	1.04	30	0.1	0	1	0.8196	439.7	323	99	310
6500	6488	379	0.5277	1.09	30	8.8	0	46	382.7936	7.3	323	87	310
6502	6500	2354	0.4248	1.3	30	8.7	0	45	373.3632	13.8	311	99	310
6504	6502	178	1.1236	1.05	30	8.6	0	44	370.2607	16.6	311	99	310
6506	6504	244	1.2295	1.08	30	8.6	0	43	369.4087	14.7	311	99	310
6508	6506	550	1.0909	1.07	30	8.5	0	42	363.8969	150.2	311	99	310
6510	6508	523	29.8279	1.09	30	0.1	0	1	0.8631	601	324	99	310
6512	6508	884	0.5656	1.08	30	8.5	0	41	362.6428	478	311	99	310
6514	6512	283	4.5936	1.12	30	2.5	0	21	58.1924	132.8	112	99	310
6516	6514	1737	5.2389	1.27	30	2.5	0	20	57.4495	2.4	111	99	310
6518	6516	984	4.1667	1.16	30	2.3	0	19	53.4174	3.7	223	99	610
6520	6518	3661	10.1338	1.23	30	0.4	0	1	3.5115	1.3	333	99	508
6522	6518	2215	6.5463	1.23	30	2.2	0	18	49.1725	1.6	211	99	508
6524	6522	1571	2.3552	1.39	30	0.3	0	1	1.9527	45.6	231	99	508
6526	6522	575	1.0435	1.16	30	2.1	0	17	45.3705	37.2	231	99	508
6528	6526	1383	0.6508	1.23	30	2	0	16	43.9578	126.4	231	99	508
6530	6528	540	1.1111	1.11	30	1.9	0	15	39.777	7	231	119	508
6532	6530	285	9.4737	1.09	30	0.1	0	1	0.6398	721	324	119	508
6534	6530	2163	2.1729	1.17	30	1.9	0	14	38.0909	270.4	311	119	508
6536	6534	551	2.9038	1.07	30	1.5	0	13	28.1863	7.2	313	119	508
6538	6536	683	2.3426	1.13	30	1.5	0	12	26.9063	5.8	311	119	508
6540	6538	1193	3.9396	1.33	30	0.2	0	1	1.0795	196.4	311	119	508
6542	6538	1020	1.6667	1.18	30	1.4	0	11	25.2401	3.7	311	119	508
6544	6542	129	8.5271	1.07	30	0.1	0	1	0.5433	832	311	119	508
6546	6542	1504	1.2633	1.25	30	1.4	0	10	23.9471	3.6	311	31	508
6548	6546	422	0.4739	1.31	30	1.3	0	9	22.1186	10.2	324	31	508
6550	6548	1178	0.3396	1.52	30	1.2	0	8	20.9288	17.1	231	31	508
6552	6550	288	0.3472	1.07	30	1.1	0	7	17.6564	13	231	31	508
6554	6552	1102	0.9074	1.2	30	0.2	0	2	1.7236	3.8	231	31	508
6556	6554	137	0.7299	1.02	30	0.1	0	1	0.5616	836	311	31	310
6558	6554	91	1.0989	1.05	30	0.1	0	1	0.5263	41.4	311	31	310
6560	6552	1678	0.5959	1.24	30	1	0	6	15.889	2.4	231	31	310
6562	6560	2003	17.1243	1.25	30	0.3	0	1	2.2524	308.9	231	31	310
6564	6560	74	1.3514	1.05	30	0.9	0	5	12.3376	48.5	231	31	310
6566	6564	555	0.7207	1.08	30	0.8	0	4	11.7867	730.4	231	31	310
6568	6566	1032	13.1783	1.2	30	0.4	0	3	3.3134	400.4	311	31	310
6570	6568	1406	18.4211	1.14	30	0.3	0	2	1.9878	4.5	312	31	310
6572	6570	20	25	1	30	0.1	0	1	0.5113	1349	324	31	310
6574	6570	336	11.0119	1.08	30	0.1	0	1	0.694	17.8	324	31	310
6576	6568	201	9.4527	1.07	30	0.1	0	1	0.6882	30.3	311	31	310
6578	6566	3351	1.5518	1.12	30	0.6	0	3	7.759	1.2	231	31	310
6580	6578	1071	18.394	1.12	30	0.3	0	2	2.8362	12.8	324	31	310
6582	6580	1	0.1001	1	30	0.1	0	1	0.635	607.5	324	31	310
6584	6580	1214	6.425	1.12	30	0.2	0	1	1.4931	7	324	31	310
6586	6578	119	5.042	1.04	30	0.1	0	1	0.7471	47.3	311	31	310
6588	6564	165	2.4242	1.08	30	0.1	0	1	0.5403	0	231	31	310
6590	6550	1993	1.8565	1.33	30	0.3	0	1	2.1937	122.4	311	31	508
6592	6548	207	3.3816	1.08	30	0.1	0	1	0.8482	20.1	311	119	508
6594	6546	320	7.5	1.06	30	0.1	0	1	0.5696	12	311	31	508
6596	6536	1038	8.8632	1.09	30	0.1	0	1	0.8647	3.7	313	119	508
6598	6534	1889	4.6056	1.21	30	0.6	0	3	7.8396	2.8	311	119	508
6600	6598	762	8.7927	1.16	30	0.2	0	1	1.176	7.4	311	119	508
6602	6598	2594	6.4765	1.17	30	0.5	0	2	4.7493	2.2	324	119	508
6604	6602	449	2.8953	1.13	30	0.1	0	1	0.7884	10.8	324	119	508
6606	6602	1063	0.3763	1.27	30	0.2	0	1	1.5457	4.6	311	119	508
6608	6528	1611	9.7455	1.1	30	0.3	0	1	2.1675	15.7	223	119	508
6610	6526	670	14.3284	1.12	30	0.1	0	1	0.7941	13.6	323	99	508
6612	6516	2431	18.4698	1.13	30	0.3	0	1	2.1489	1.6	333	99	610
6614	6514	489	23.9264	1.12	30	0.1	0	1	0.694	462	223	99	310
6616	6512	1100	0.7273	1.27	30	7.5	0	40	303.6333	2.4	311	87	310
6618	6616	535	1.1215	1.08	30	7.5	0	39	300.9249	505.5	243	87	610
6620	6618	2006	0.7976	1.15	30	7.5	0	38	299.7904	1.5	323	87	610
6622	6620	666	8.7087	1.27	30	0.2	0	1	0.9768	490.4	223	99	508
6624	6620	460	0.4348	1.12	30	7.4	0	37	296.5823	6.3	211	87	610
6626	6624	42	0.1001	1	30	7.4	0	36	295.5782	448	323	87	610
6628	6626	379	0.5277	1.07	30	7.4	0	35	295.0654	6.1	211	87	610
6630	6628	974	0.616	1.31	30	7.3	0	34	289.7077	3.2	211	87	711
6632	6630	1831	14.6914	1.22	30	0.2	0	1	1.0686	24.8	211	87	711
6634	6630	1773	0.4512	1.49	30	7.3	0	33	287.6796	1.3	211	87	711
6636	6634	2688	4.1295	1.31	30	1.2	0	6	19.6671	38.3	211	87	711
6638	6636	2583	2.5552	1.16	30	1	0	5	14.4384	8.9	311	87	203
6640	6638	1221	1.4742	1.16	30	0.7	0	4	8.1489	247.8	211	87	203
6642	6640	287	1.7422	1.11	30	0.5	0	3	5.1469	11.6	211	87	203
6644	6642	820	2.561	1.11	30	0.3	0	2	2.5047	5.9	211	87	508
6646	6644	535	1.6822	1.08	30	0.2	0	1	0.9444	13.4	211	87	508
6648	6644	996	5.9237	1.25	30	0.2	0	1	1.0034	5	211	87	508
6650	6642	1476	5.5556	1.2	30	0.3	0	2	2.4041	2.4	311	87	508
6652	6650	764	3.9267	1.23	30	0.2	0	1	0.9109	39.2	211	119	508
6654	6650	623	7.8652	1.15	30	0.1	0	1	0.6658	6	311	119	508
6656	6640	293	2.3891	1.1	30	0.3	0	2	1.9444	11	211	87	203
6658	6656	1330	7.0677	1.16	30	0.2	0	1	1.1488	281.4	211	87	203
6660	6656	373	4.2895	1.07	30	0.1	0	1	0.7027	8.7	211	87	203
6662	6638	856	3.1542	1.1	30	0.4	0	3	4.0018	5.8	211	87	203
6664	6662	508	8.2677	1.09	30	0.2	0	2	1.4421	17.7	211	87	203
6666	6664	48	12.5	1.08	30	0.1	0	1	0.5082	603.9	324	87	508
6668	6664	34	8.8235	1.08	30	0.1	0	1	0.5788	753	211	87	508
6670	6662	877	8.0958	1.12	30	0.2	0	1	1.7109	298.8	311	87	203
6672	6636	1566	9.9617	1.25	30	0.4	0	2	3.3724	2.1	324	99	711
6674	6672	206	0.4854	1.26	30	0.1	0	1	0.5594	681.5	211	99	508
6676	6672	1702	1.0576	1.34	30	0.2	0	1	1.8189	138.6	211	99	508
6678	6634	261	0.3831	1.08	30	6.9	0	32	265.3589	8.4	211	87	711
6680	6678	151	1.9868	1.29	30	3.8	0	31	109.106	20.9	211	87	711
6682	6680	1634	2.754	1.13	30	0.6	0	4	6.7285	1.6	311	87	203
6684	6682	123	4.878	1.02	30	0.4	0	3	3.8624	22.1	311	87	203
6686	6684	1195	8.7866	1.12	30	0.2	0	1	1.1693	33.9	211	87	203
6688	6684	135	5.9259	1.08	30	0.3	0	2	2.6588	17.7	311	87	508
6690	6688	1354	8.6411	1.1	30	0.2	0	1	1.5582	284.7	211	87	203
6692	6688	1113	9.0746	1.13	30	0.2	0	1	0.9467	60.3	324	87	508
6694	6682	2670	8.015	1.14	30	0.3	0	1	2.3198	1	323	87	203
6696	6680	1615	0.743	1.49	30	3.6	0	30	102.3575	2.1	211	87	711
6698	6696	571	1.2259	1.48	30	3.6	0	29	100.5084	488	212	87	203
6700	6698	467	1.2848	1.28	30	3.6	0	28	99.7107	8	243	87	203
6702	6700	1731	5.777	1.25	30	0.2	0	1	1.1403	233.5	242	87	203
6704	6700	221	1.81	1.08	30	3.5	0	27	97.1763	11.9	242	87	203
6706	6704	1562	6.0819	1.11	30	0.1	0	1	0.7985	29.4	242	87	203
6708	6704	386	1.5544	1.12	30	3.5	0	26	96.3137	495.8	242	87	203
6710	6708	1152	4.6875	1.21	30	0.2	0	1	1.4863	21.5	211	87	203
6712	6708	500	0.6	1.22	30	3.4	0	25	94.5625	509	211	87	203
6714	6712	321	0.6231	1.36	30	3.4	0	24	93.3626	8	211	87	203
6716	6714	457	5.2516	1.04	30	0.2	0	2	1.2091	7.1	211	87	203
6718	6716	123	5.6911	1.02	30	0.1	0	1	0.5613	554	211	87	203
6720	6716	381	7.3491	1.06	30	0.1	0	1	0.5428	8.5	323	87	203
6722	6714	346	1.1561	1.28	30	3.4	0	23	91.8829	7.6	243	87	203
6724	6722	612	5.3922	1.11	30	0.1	0	1	0.7038	540	211	87	203
6726	6722	390	1.0256	1.21	30	3.3	0	22	90.732	6.3	242	87	203
6728	6726	92	2.1739	1.41	30	3.3	0	21	89.1758	23.1	242	87	203
6730	6728	231	0.8658	1.13	30	3.3	0	20	88.0447	505.5	242	87	203
6734	6732	559	0.8945	1.46	30	3.2	0	18	85.2885	174.3	212	87	203
6736	6734	105	0.9524	1.06	30	0.3	0	2	2.5811	27.5	212	87	203
6738	6736	2046	10.7038	1.08	30	0.2	0	1	1.3337	4.8	223	87	203
6740	6736	1728	8.5069	1.24	30	0.2	0	1	1.233	199.6	212	87	203
6742	6734	263	0.7605	1.08	30	3.1	0	17	82.0747	527	212	87	203
6744	6742	1158	1.209	1.18	30	2.9	0	16	72.7691	3.4	212	87	203
6746	6744	752	5.4521	1.19	30	0.3	0	3	2.299	5.6	212	87	203
6748	6746	990	8.3838	1.26	30	0.1	0	1	0.8598	151.5	223	87	203
6750	6746	1283	4.9104	1.21	30	0.2	0	2	1.315	2.8	211	87	203
6752	6750	159	8.805	1.08	30	0.1	0	1	0.5352	784	244	87	203
6754	6750	30	13.3333	1	30	0.1	0	1	0.5239	700	244	87	203
6756	6744	44	0.1001	1.07	30	2.8	0	15	69.2528	55.5	242	87	203
6758	6756	388	1.5464	1.28	30	2.8	0	14	68.669	7.3	211	87	203
6760	6758	1675	1.3731	1.26	30	2.7	0	13	67.1705	1.8	223	87	203
6762	6760	254	5.1181	1.06	30	0.4	0	3	3.3279	13.2	212	87	203
6764	6762	1931	10.668	1.09	30	0.2	0	1	1.3826	13.3	212	87	203
6766	6762	417	4.5564	1.16	30	0.2	0	2	1.8656	8.2	212	87	203
6768	6766	1068	8.2397	1.11	30	0.2	0	1	0.9971	0	223	87	203
6770	6766	14	7.1429	1	30	0.1	0	1	0.5605	539.9	212	87	203
6774	6772	765	2.3529	1.08	30	1.9	0	11	39.323	595	211	87	203
6776	6774	2638	9.2115	1.17	30	0.2	0	1	1.9281	35.8	211	87	203
6778	6774	827	3.023	1.39	30	1.8	0	10	37.1888	3.6	211	87	203
6780	6778	660	3.3333	1.12	30	0.7	0	7	9.3759	6.9	211	87	203
6782	6780	417	3.5971	1.09	30	0.6	0	6	7.8624	8.2	211	87	203
6784	6782	1162	6.1102	1.1	30	0.2	0	1	1.4139	71.9	242	87	203
6786	6782	570	4.386	1.07	30	0.5	0	5	6.0781	210.9	242	87	203
6788	6786	1708	4.9766	1.28	30	0.5	0	4	4.9379	3.1	311	87	203
6790	6788	129	1.5504	1.07	30	0.1	0	1	0.6915	580.1	242	87	203
6792	6788	561	1.9608	1.19	30	0.4	0	3	3.3146	218.3	211	87	203
6794	6792	118	0.1001	1.06	30	0.2	0	2	1.872	94.1	311	87	203
6796	6794	593	2.3609	1.06	30	0.1	0	1	0.8365	0	311	87	203
6798	6794	1091	2.1082	1.14	30	0.2	0	1	0.9276	784	311	87	203
6800	6792	1359	1.0302	1.31	30	0.2	0	1	1.1769	0	311	87	203
6802	6786	561	6.5954	1.08	30	0.1	0	1	0.7693	690.2	242	87	203
6804	6780	419	4.5346	1.12	30	0.1	0	1	0.7579	610.2	211	87	203
6806	6778	1410	3.3333	1.2	30	1.5	0	9	27.2158	2.2	223	87	203
6808	6806	1146	7.7661	1.12	30	0.1	0	1	0.8981	461.7	223	87	203
6810	6806	835	3.5928	1.14	30	1.4	0	8	25.5982	8.4	244	87	203
6812	6810	1638	4.0293	1.47	30	1	0	7	14.9078	41.8	311	87	203
6814	6812	869	2.0713	1.09	30	0.1	0	1	0.9022	6.1	324	87	203
6816	6812	1317	2.4298	1.15	30	0.9	0	6	12.4021	84.3	311	87	203
6818	6816	244	4.0984	1.06	30	0.1	0	1	0.5603	653.1	311	87	203
6820	6816	1297	1.0023	1.25	30	0.8	0	5	11.239	90.3	311	87	203
6822	6820	778	1.2853	1.17	30	0.2	0	1	1.648	338.4	324	87	203
6824	6820	703	0.9957	1.16	30	0.7	0	4	8.8155	790	311	87	203
6826	6824	276	1.087	1.19	30	0.5	0	2	5.0198	793.6	142	87	310
6828	6826	1690	2.1302	1.17	30	0.2	0	1	1.5534	2.4	142	31	310
6830	6826	4101	6.5106	1.17	30	0.4	0	1	3.2723	1	321	31	310
6832	6824	485	0.8247	1.11	30	0.4	0	3	3.5198	8.1	142	87	203
6834	6832	721	1.6644	1.11	30	0.3	0	2	2.7143	5.6	324	87	310
6838	6834	1246	4.8957	1.23	30	0.2	0	1	1.7722	4.4	231	31	310
6840	6832	44	0.1001	1.07	30	0.1	0	1	0.5636	75.2	324	87	203
6842	6810	1	0.1001	1	30	0.8	0	4	10.3626	177	244	87	203
6844	6842	229	24.0175	1.11	30	0.1	0	1	0.5168	661	231	87	203
6846	6842	1897	3.3737	1.29	30	0.7	0	3	9.8454	0	223	87	203
6848	6846	651	1.5361	1.16	30	0.5	0	2	4.9789	24	211	87	203
6850	6848	3470	2.8818	1.49	30	0.4	0	1	3.9562	15.7	323	87	203
6852	6848	68	1.4706	1.14	30	0.1	0	1	0.7842	64.4	311	87	203
6854	6846	3021	2.3502	1.24	30	0.4	0	1	3.5577	1.8	311	87	203
6856	6772	380	2.3684	1.19	30	1.3	0	9	23.4007	6.5	211	87	203
6858	6856	713	7.0126	1.17	30	0.1	0	1	0.7569	240.3	223	87	203
6860	6856	145	2.7586	1.08	30	1.3	0	8	22.4914	27.9	211	87	203
6862	6860	788	2.7919	1.22	30	1.2	0	7	20.7218	7.5	111	87	203
6864	6862	638	10.815	1.14	30	0.2	0	1	0.9322	467.5	223	87	203
6866	6862	1322	3.7065	1.32	30	1.2	0	6	19.499	2.7	311	87	203
6868	6866	371	2.6954	1.13	30	1.1	0	5	17.6711	18.5	311	87	203
6870	6868	2515	3.4592	1.12	30	1.1	0	4	17.0536	1.9	223	87	203
6872	6870	2117	6.188	1.16	30	0.8	0	3	10.1101	1.8	243	87	203
6874	6872	1705	2.8739	1.14	30	0.4	0	2	4.1382	2.6	332	31	310
6876	6874	967	8.6867	1.15	30	0.2	0	1	1.1208	320.3	332	31	610
6878	6874	2026	6.3179	1.17	30	0.2	0	1	1.753	3.4	211	31	610
6880	6872	1645	3.2219	1.22	30	0.4	0	2	4.5913	2.7	323	87	310
6882	6880	2155	11.7401	1.14	30	0.2	0	1	1.8371	152.6	321	31	610
6884	6880	1906	9.6013	1.24	30	0.2	0	1	1.6003	3.4	321	31	610
6886	6870	1614	4.399	1.25	30	0.5	0	2	6.1303	2.3	243	87	203
6888	6886	4145	8.6128	1.21	30	0.4	0	1	3.513	62.5	321	31	610
6890	6886	2892	10.166	1.19	30	0.3	0	1	2.0211	2	321	31	610
6892	6868	231	23.8095	1.08	30	0.1	0	1	0.529	14.3	223	87	203
6894	6866	1186	7.5042	1.32	30	0.2	0	1	0.9657	2.8	223	87	203
6896	6860	1952	5.9426	1.11	30	0.2	0	1	1.7473	2	111	87	203
6898	6758	907	4.7409	1.19	30	0.2	0	1	1.3807	4.3	223	87	203
6900	6756	235	6.383	1.1	30	0.1	0	1	0.5772	16.1	211	87	203
6902	6742	782	2.3018	1.22	30	0.7	0	6	9.1907	3.3	211	87	203
6904	6902	261	6.5134	1.18	30	0.7	0	5	8.0689	43.5	211	87	203
6906	6904	2476	7.1082	1.21	30	0.6	0	4	6.9211	123.2	223	87	203
6908	6906	1357	2.6529	1.1	30	0.2	0	1	0.9299	89.2	223	87	203
6910	6906	795	2.5157	1.16	30	0.4	0	3	3.7414	6.2	211	87	203
6912	6910	509	0.5894	1.16	30	0.1	0	1	0.7359	10.3	211	87	203
6914	6910	684	1.0234	1.14	30	0.3	0	2	2.5873	7.4	223	87	203
6916	6914	1584	1.2626	1.25	30	0.2	0	1	1.3321	301	223	87	203
6918	6914	191	2.0942	1.1	30	0.1	0	1	0.6837	757	223	87	203
6920	6904	723	4.1494	1.08	30	0.2	0	1	1.1207	5.3	211	87	203
6922	6902	877	3.3067	1.11	30	0.2	0	1	1.0383	8.8	211	87	203
6924	6732	1010	3.0693	1.3	30	0.2	0	2	1.6284	2.7	212	87	203
6926	6924	1441	5.8293	1.16	30	0.1	0	1	0.6602	402	211	87	203
6928	6924	1333	5.9265	1.08	30	0.1	0	1	0.8187	2	211	87	203
6930	6730	1678	5.8403	1.17	30	0.1	0	1	0.7053	1.7	212	87	203
6932	6728	1256	6.5287	1.14	30	0.2	0	1	1.0948	2.9	242	87	203
6934	6726	1444	8.7258	1.21	30	0.2	0	1	1.2342	1.8	242	87	203
6936	6712	490	8.5714	1.27	30	0.1	0	1	0.7669	5.6	323	87	203
6938	6700	153	9.8039	1.06	30	0.1	0	1	0.7522	21.4	243	87	203
6940	6698	78	10.2564	1.08	30	0.1	0	1	0.5552	23.9	243	87	203
6942	6696	200	4	1.2	30	0.1	0	1	0.658	472.9	211	87	203
6944	6678	1916	0.6263	1.42	30	4.8	0	28	156.176	1.2	211	87	711
6946	6944	803	11.3325	1.08	30	0.1	0	1	0.7816	3	311	87	203
6948	6944	999	1.2012	1.68	30	4.8	0	27	153.5455	2.6	311	87	203
6950	6948	758	2.7704	1.8	30	1	0	8	15.441	0	311	87	203
6952	6950	1934	2.3268	1.24	30	1	0	7	14.5476	2	311	87	203
6954	6952	1446	2.3513	1.18	30	0.9	0	6	12.0817	2.1	242	87	203
6956	6954	688	13.9535	1.36	30	0.1	0	1	0.6637	462.3	311	87	203
6958	6954	394	5.8376	1.14	30	0.7	0	5	9.0911	64.2	311	87	203
6960	6958	94	9.5745	1.04	30	0.1	0	1	0.5102	713	311	87	203
6962	6958	729	5.3498	1.26	30	0.7	0	4	8.0876	4.4	311	87	203
6964	6962	775	15.3548	1.15	30	0.1	0	1	0.7773	4.4	311	87	203
6966	6962	327	3.3639	1.24	30	0.6	0	3	7.0455	10.3	311	87	203
6968	6966	810	6.7901	1.14	30	0.5	0	2	5.3663	4.9	311	87	203
6970	6968	1876	15.3518	1.39	30	0.2	0	1	1.6584	130.8	311	87	610
6972	6968	2753	9.8801	1.14	30	0.4	0	1	3.327	1.5	324	87	610
6974	6966	1413	11.2527	1.17	30	0.2	0	1	1.5917	3.5	311	87	203
6976	6952	128	12.5	1.05	30	0.1	0	1	0.8555	22	242	87	203
6978	6950	726	14.4628	1.13	30	0.1	0	1	0.7318	5.2	223	87	203
6980	6948	676	1.6272	1.44	30	4.4	0	26	137.7973	4	311	87	203
6982	6980	1714	2.217	1.34	30	4.4	0	25	136.2568	151.3	211	87	203
6984	6982	328	12.8049	1.12	30	0.1	0	1	0.8569	11.3	211	87	203
6986	6982	875	16.8	1.25	30	4.3	0	24	133.2853	373.9	243	87	203
6988	6986	187	1.6043	1.07	30	3.9	0	23	112.2332	23.7	211	87	203
6990	6988	20	20	1	30	0.1	0	1	0.5074	714	111	87	203
6992	6988	167	0.5988	1.07	30	3.8	0	22	111.695	24.1	211	87	203
6994	6992	1682	1.843	1.28	30	1.3	0	6	21.1901	4	211	87	507
6996	6994	639	2.6604	1.15	30	0.1	0	1	0.8473	5.9	133	87	507
6998	6994	1614	1.9827	1.35	30	1.2	0	5	19.3234	2.3	211	87	507
7000	6998	2958	1.217	1.25	30	0.8	0	3	11.8157	27.6	242	87	507
7002	7000	1315	1.5209	1.17	30	0.5	0	2	5.2552	3	223	87	203
7004	7002	3242	6.8168	1.24	30	0.3	0	1	2.9328	3.5	231	87	203
7006	7002	1225	7.8367	1.13	30	0.2	0	1	1.2813	4.5	323	87	203
7008	7000	4892	6.6844	1.17	30	0.4	0	2	4.3971	0.8	222	87	203
7010	7008	708	5.3672	1.11	30	0.2	0	1	0.995	922.4	324	31	610
7012	7008	1467	7.1575	1.21	30	0.2	0	1	1.1525	3.7	323	31	308
7014	6998	354	2.2599	1.11	30	0.6	0	4	6.9504	10.1	121	87	507
7016	7014	1124	1.3345	1.29	30	0.5	0	3	6.233	227.5	211	87	507
7018	7016	426	0.7042	1.2	30	0.2	0	2	1.7401	738.4	211	87	507
7020	7018	466	0.8584	1.15	30	0.2	0	1	0.966	11.3	211	87	507
7022	7018	207	0.9662	1.08	30	0.1	0	1	0.5508	25.2	211	87	507
7024	7016	660	0.9091	1.15	30	0.4	0	2	3.9863	7.6	211	87	507
7026	7024	2011	2.2874	1.12	30	0.3	0	1	2.1638	1.9	211	87	507
7028	7024	1187	1.4322	1.14	30	0.2	0	1	1.6881	3.1	211	87	507
7030	7014	388	1.5464	1.32	30	0.1	0	1	0.6473	9.3	211	87	507
7032	6992	638	0.7837	1.27	30	3.3	0	21	90.4582	5.3	211	87	507
7034	7032	804	1.6169	1.24	30	3.3	0	20	89.4665	340	242	87	507
7036	7034	1840	1.7935	1.31	30	0.2	0	1	1.5509	13.4	211	87	507
7038	7034	451	0.6652	1.13	30	3.3	0	19	87.6495	7.3	211	87	507
7040	7038	309	0.9709	1.1	30	2.5	0	18	58.909	11.6	211	87	507
7042	7040	1495	2.4749	1.28	30	0.2	0	1	1.6986	194.4	211	87	507
7044	7040	3121	1.1855	1.36	30	2.4	0	17	57.0769	255.4	211	87	507
7046	7044	1878	2.6092	1.14	30	0.8	0	6	11.4567	2.1	223	87	308
7048	7046	501	3.992	1.09	30	0.6	0	5	7.3362	797	211	87	308
7050	7048	1723	6.8485	1.33	30	0.6	0	4	6.5699	70.1	211	31	308
7052	7050	1740	4.5977	1.19	30	0.5	0	3	5.1943	6.1	323	31	308
7054	7052	448	10.2679	1.1	30	0.2	0	2	1.8767	17.2	323	31	308
7056	7054	191	19.3717	1.06	30	0.1	0	1	0.5882	361.4	333	31	308
7058	7054	340	20.5882	1.08	30	0.1	0	1	0.6789	23.1	333	31	308
7060	7052	1600	19.6875	1.41	30	0.2	0	1	1.5979	3.3	333	31	308
7062	7050	412	11.4078	1.1	30	0.1	0	1	0.6358	494.3	323	31	308
7064	7048	259	10.4247	1.13	30	0.1	0	1	0.6234	15.8	311	31	308
7066	7046	1815	6.6667	1.26	30	0.3	0	2	2.7654	261.7	323	31	308
7068	7066	430	13.2558	1.09	30	0.1	0	1	0.9059	107.2	333	31	308
7070	7066	322	22.6708	1.11	30	0.1	0	1	0.6851	13.2	323	31	308
7072	7044	1008	2.0833	1.18	30	2	0	16	43.7095	5.6	324	87	308
7074	7072	629	8.4261	1.21	30	0.1	0	1	0.6243	72.6	324	87	308
7076	7072	489	2.045	1.1	30	2	0	15	42.3874	99.2	324	87	308
7078	7076	1464	12.5683	1.28	30	0.2	0	1	1.6191	2.8	323	31	308
7080	7076	1134	1.5873	1.25	30	1.9	0	14	40.54	3.4	333	31	308
7082	7080	187	19.2513	1.1	30	0.1	0	1	0.5345	847.8	323	31	308
7084	7080	1814	4.1345	1.2	30	1.9	0	13	39.3408	3	333	31	308
7086	7084	1947	3.5439	1.29	30	1.6	0	12	31.0307	3.4	333	31	308
7088	7086	401	1.2469	1.06	30	1.5	0	11	28.2507	1046	323	31	308
7090	7088	415	5.0602	1.07	30	0.2	0	1	1.0752	17.1	333	31	308
7092	7088	1113	1.7969	1.18	30	1.5	0	10	26.8598	6.3	333	31	308
7094	7092	1653	8.5904	1.13	30	0.3	0	2	2.7357	4.6	323	31	308
7096	7094	1076	5.948	1.15	30	0.2	0	1	1.2748	222.8	333	31	308
7098	7094	34	2.9412	1.08	30	0.1	0	1	0.5036	161.6	323	31	308
7100	7092	1810	4.8619	1.08	30	1.3	0	9	23.1639	2.9	323	31	308
7102	7100	876	1.9406	1.51	30	1.2	0	8	20.914	8.5	311	31	308
7104	7102	201	1.4925	1.1	30	0.9	0	6	13.1958	1061	311	31	507
7106	7104	1062	3.1073	1.1	30	0.6	0	5	6.5407	5.4	311	31	507
7108	7106	394	6.599	1.15	30	0.1	0	1	0.6669	1136	323	31	507
7110	7106	1097	4.1021	1.23	30	0.5	0	4	5.6019	5.3	324	31	507
7112	7110	1813	6.3431	1.2	30	0.4	0	3	4.298	4.9	323	31	507
7114	7112	181	11.6022	1.07	30	0.1	0	1	0.5868	370.8	333	31	507
7116	7112	785	4.0764	1.12	30	0.3	0	2	2.6527	11.8	312	31	507
7118	7116	1704	13.0869	1.21	30	0.2	0	1	1.6963	202	312	31	507
7120	7116	179	8.3799	1.08	30	0.1	0	1	0.6189	32.3	323	31	507
7122	7110	1077	13.2776	1.37	30	0.2	0	1	0.9642	5.8	323	31	507
7124	7104	373	3.4853	1.08	30	0.6	0	5	6.5918	13.5	311	31	507
7126	7124	300	3.6667	1.14	30	0.5	0	4	5.8205	17.5	311	31	507
7128	7126	1553	1.9961	1.24	30	0.4	0	3	4.1028	509.2	311	31	507
7130	7128	567	1.7637	1.18	30	0.3	0	2	2.209	9.6	311	31	310
7132	7130	910	3.8462	1.29	30	0.2	0	1	1.4659	287.1	311	35	310
7134	7130	105	3.8095	1.05	30	0.1	0	1	0.5786	46.2	311	35	310
7136	7128	242	0.8264	1.55	30	0.1	0	1	0.851	22	311	35	310
7138	7126	2414	6.0481	1.24	30	0.2	0	1	1.6239	2.2	311	31	310
7140	7124	1	0.1001	1	30	0.1	0	1	0.5231	541	311	31	507
7142	7102	398	1.7588	1.17	30	0.6	0	7	7.168	17.6	311	31	507
7144	7142	435	4.1379	1.1	30	0.1	0	1	0.7758	1083	311	31	310
7146	7142	718	1.6713	1.17	30	0.6	0	6	6.3239	7.3	311	31	310
7148	7146	1819	2.144	1.18	30	0.5	0	5	5.3062	4.1	311	31	310
7150	7148	191	2.6178	1.06	30	0.4	0	4	3.2848	30.7	333	31	609
7152	7150	92	3.2609	1.08	30	0.3	0	3	2.4471	79.7	333	35	310
7154	7152	124	2.4194	1.03	30	0.1	0	1	0.6109	1172.2	333	35	310
7156	7152	875	4.9143	1.14	30	0.2	0	2	1.7664	45.7	323	35	605
7158	7156	319	8.4639	1.07	30	0.1	0	1	0.6764	27.1	312	35	605
7160	7156	142	8.4507	1.09	30	0.1	0	1	0.5571	147	323	35	605
7162	7150	443	5.6433	1.08	30	0.1	0	1	0.673	12.8	333	31	605
7164	7148	386	5.4404	1.2	30	0.1	0	1	0.5998	15.6	333	31	609
7166	7146	600	7.1667	1.13	30	0.1	0	1	0.6998	12.3	311	31	310
7168	7100	808	5.198	1.21	30	0.2	0	1	0.9269	9	311	31	308
7170	7086	1200	10.6667	1.2	30	0.2	0	1	1.4545	4.3	333	31	308
7172	7084	1221	10.7289	1.18	30	0.6	0	4	6.5006	5.3	333	31	308
7174	7172	604	7.2848	1.09	30	0.3	0	2	3.0342	1060.8	333	31	308
7176	7174	1182	17.3435	1.19	30	0.2	0	1	1.1225	116.9	333	31	308
7178	7174	1225	14.2041	1.14	30	0.2	0	1	1.581	6.4	333	31	308
7180	7172	1069	4.4902	1.17	30	0.3	0	3	2.71	4.6	333	31	308
7182	7180	162	9.2593	1.08	30	0.2	0	2	1.3842	28.5	333	31	308
7184	7182	627	16.9059	1.07	30	0.1	0	1	0.6787	383.8	333	31	308
7186	7182	512	11.5234	1.16	30	0.1	0	1	0.6796	849.5	333	31	308
7188	7180	74	18.9189	1.05	30	0.1	0	1	0.6062	63.2	333	31	308
7190	7038	994	1.2072	1.2	30	1.5	0	8	28.5518	3.5	211	87	507
7192	7190	159	3.1447	1.08	30	0.7	0	5	9.5523	20.3	211	87	507
7194	7192	1758	3.1286	1.31	30	0.7	0	4	8.5944	305.3	211	87	308
7196	7194	520	2.3077	1.13	30	0.6	0	3	7.4486	7.1	324	87	308
7198	7196	2194	7.4294	1.23	30	0.2	0	1	1.792	2.5	323	87	308
7200	7196	3754	5.6739	1.18	30	0.5	0	2	5.4967	1.5	323	31	308
7202	7200	352	11.9318	1.08	30	0.1	0	1	0.6047	13.9	323	31	308
7204	7200	111	9.009	1.12	30	0.1	0	1	0.53	991.7	333	31	308
7206	7194	40	7.5	1	30	0.1	0	1	0.5048	782	324	87	308
7208	7192	1224	5.3105	1.15	30	0.2	0	1	0.9352	2.8	211	87	308
7210	7190	2757	1.9587	1.42	30	1.1	0	7	18.5783	8.9	211	87	308
7212	7210	3155	1.8067	1.57	30	0.9	0	6	14.0521	167.4	311	31	308
7214	7212	2046	3.2747	1.11	30	0.8	0	5	11.049	2.8	333	31	308
7216	7214	68	5.8824	1.08	30	0.1	0	1	0.5082	74.8	323	31	308
7218	7214	1252	6.5495	1.1	30	0.6	0	4	7.8706	5.2	323	31	308
7220	7218	181	9.9448	1.08	30	0.1	0	1	0.5184	25	323	31	308
7222	7218	193	4.1451	1.21	30	0.6	0	3	6.4809	23.5	323	31	308
7224	7222	2683	2.3854	1.15	30	0.3	0	1	2.5219	51.3	323	31	308
7226	7222	1818	3.7954	1.41	30	0.4	0	2	3.9005	2.8	323	31	308
7228	7226	1523	1.7728	1.15	30	0.2	0	1	1.6422	3.4	323	31	308
7230	7226	266	0.3759	1.04	30	0.1	0	1	0.8656	19.4	323	31	308
7232	7212	268	7.0896	1.03	30	0.1	0	1	0.7128	20.6	333	31	308
7234	7210	2860	4.6503	1.36	30	0.3	0	1	2.9488	1.9	324	87	308
7236	7032	358	6.4246	1.32	30	0.1	0	1	0.7802	36	223	87	507
7238	6986	1105	2.1719	1.15	30	1.2	0	10	20.7533	3	211	87	203
7240	7238	788	6.8528	1.27	30	0.2	0	1	0.9747	4.3	223	87	308
7242	7238	1205	2.6556	1.2	30	0.2	0	1	1.0992	4	242	87	308
7244	7238	974	2.3614	1.17	30	1.1	0	9	17.7079	3.6	242	87	308
7246	7244	97	19.5876	1.08	30	0.1	0	1	0.6425	44.4	223	87	308
7248	7244	838	1.9093	1.25	30	1.1	0	8	16.7552	5.8	223	87	308
7250	7248	948	2.5316	1.08	30	1	0	7	15.915	500	223	87	203
7252	7250	2725	10.0183	1.19	30	0.5	0	2	5.3988	1.5	323	87	308
7254	7252	1984	9.123	1.21	30	0.3	0	1	1.9541	3.7	323	31	308
7256	7252	1769	5.766	1.45	30	0.2	0	1	1.6673	4.1	323	31	308
7258	7250	1709	4.213	1.1	30	0.8	0	6	10.0034	97.6	223	87	308
7260	7258	276	1.087	1.1	30	0.6	0	5	7.4314	0	211	87	203
7262	7260	648	3.0864	1.13	30	0.6	0	4	6.63	25.6	211	31	203
7264	7262	571	7.1804	1.11	30	0.5	0	3	5.7322	879.8	323	31	610
7266	7264	972	8.4362	1.12	30	0.4	0	2	4.5399	4.6	323	31	610
7268	7266	2422	3.2618	1.11	30	0.3	0	1	2.7478	5.9	323	31	610
7270	7266	1128	32.1809	1.17	30	0.1	0	1	0.8799	6.1	323	31	610
7272	7264	809	23.2386	1.08	30	0.2	0	1	0.9234	6.7	323	31	610
7274	7262	1000	20	1.08	30	0.1	0	1	0.7451	4.1	311	31	610
7276	7260	664	4.9699	1.16	30	0.1	0	1	0.7381	8.4	231	31	610
7278	7258	480	2.0833	1.14	30	0.2	0	1	0.9766	23.9	211	31	610
7280	7248	387	6.4599	1.1	30	0.1	0	1	0.6661	9.2	223	87	308
7282	6980	1704	12.7347	1.13	30	0.2	0	1	1.2128	1.6	211	87	203
7284	6628	2988	4.9866	1.41	30	0.5	0	2	5.1668	0.8	211	87	507
7286	7284	688	13.6628	1.11	30	0.2	0	1	0.9403	6.5	211	87	507
7288	7284	1476	15.1084	1.15	30	0.2	0	1	1.1931	3.3	324	87	507
7290	6626	58	1.7241	1.17	30	0.1	0	1	0.5065	28.7	242	87	711
7292	6624	781	10.3713	1.22	30	0.1	0	1	0.7331	3	323	87	610
7294	6618	683	11.1274	1.16	30	0.1	0	1	0.8734	5.3	243	87	610
7296	6616	1043	10.6424	1.14	30	0.2	0	1	1.6631	2.6	223	87	310
7298	6506	675	8.5926	1.16	30	0.5	0	3	5.36	7.5	311	87	310
7300	7298	2240	12.6339	1.2	30	0.4	0	2	4.47	74.4	323	87	310
7302	7300	1443	21.4137	1.11	30	0.2	0	1	1.6133	2.7	324	87	507
7304	7300	914	14.7702	1.11	30	0.2	0	1	1.2034	4.3	323	87	610
7306	7298	349	18.6246	1.07	30	0.1	0	1	0.654	7.3	311	87	310
7308	6504	995	35.0754	1.12	30	0.1	0	1	0.7699	105.3	323	99	310
7310	6502	114	32.4561	1.03	30	0.1	0	1	0.7262	512.1	311	99	310
7312	6500	574	8.0139	1.32	30	0.7	0	5	9.2585	4.1	311	87	310
7314	7312	510	27.0588	1.07	30	0.2	0	1	1.0826	470.1	323	87	310
7316	7312	1314	9.0563	1.23	30	0.6	0	4	7.9214	348.3	324	87	310
7318	7316	420	15.9524	1.15	30	0.4	0	3	3.4535	14.2	323	87	310
7320	7318	102	36.2745	1.13	30	0.1	0	1	0.732	790.7	323	87	310
7322	7318	747	26.9076	1.08	30	0.3	0	2	2.5652	8.1	323	87	610
7324	7322	1426	15.0771	1.19	30	0.2	0	1	1.2564	127.2	323	87	610
7326	7322	637	9.4192	1.13	30	0.2	0	1	0.9898	26	323	87	610
7328	7316	799	15.7697	1.14	30	0.4	0	3	3.5505	5.9	324	87	310
7330	7328	855	20	1.14	30	0.3	0	2	2.3074	4.7	323	87	610
7332	7330	783	9.5785	1.09	30	0.1	0	1	0.887	8.6	323	87	610
7334	7330	591	10.6599	1.13	30	0.1	0	1	0.8209	30	324	87	610
7336	7328	659	25.4932	1.18	30	0.1	0	1	0.8428	5.8	323	87	610
7338	6474	1002	8.7824	1.27	30	0.4	0	3	3.2609	2.6	323	87	310
7340	7338	348	16.092	1.08	30	0.3	0	2	1.9489	547	323	87	310
7344	7340	1225	32.8163	1.08	30	0.2	0	1	1.3398	178.9	323	87	310
7346	7338	787	25.54	1.09	30	0.2	0	1	0.9587	3.4	323	87	310
7348	6468	777	6.5637	1.14	30	0.1	0	1	0.7945	2.8	223	87	310
7350	6458	1930	23.3679	1.15	30	0.3	0	1	2.3209	42	311	87	310
7352	6456	3241	14.8411	1.18	30	0.3	0	1	2.4908	0.8	324	87	610
7354	6454	2856	6.6877	1.15	30	0.5	0	3	5.7962	1.5	323	87	610
7356	7354	1025	11.4146	1.16	30	0.3	0	2	2.1668	3.9	323	87	610
7358	7356	694	14.2651	1.2	30	0.2	0	1	0.9475	87	323	87	610
7360	7356	520	14.0385	1.1	30	0.1	0	1	0.7389	6.9	323	87	610
7362	7354	1213	8.5738	1.15	30	0.2	0	1	1.6621	3.5	244	87	610
7364	6448	52	7.6923	1.05	30	0.2	0	2	1.7019	393	323	87	310
7366	7364	167	27.5449	1.06	30	0.1	0	1	0.5188	655	323	87	310
7368	7364	1061	19.9811	1.12	30	0.2	0	1	1.1789	44	324	87	310
7370	6446	222	9.9099	1.05	30	0.1	0	1	0.5988	418	311	87	508
7372	6444	1675	7.403	1.13	30	0.4	0	3	4.4949	1.7	311	87	508
7374	7372	1250	8.16	1.2	30	0.3	0	2	2.6138	130.6	323	87	508
7376	7374	1599	4.5028	1.32	30	0.2	0	1	1.503	256.9	323	87	610
7378	7374	199	7.5377	1.08	30	0.1	0	1	0.5513	712	323	87	610
7380	7372	898	17.9287	1.12	30	0.2	0	1	1.0347	4.3	323	87	508
7382	6434	1884	16.1359	1.08	30	0.2	0	1	1.0792	21.5	223	87	310
7384	6420	565	2.8319	1.16	30	0.5	0	3	5.0095	4.6	222	87	508
7386	7384	2510	8.8446	1.4	30	0.3	0	1	2.3033	89.1	222	87	508
7388	7384	1436	8.7047	1.24	30	0.3	0	2	2.4679	3.2	311	87	508
7390	7388	976	17.8279	1.27	30	0.2	0	1	1.1827	398.3	311	87	610
7392	7388	115	17.3913	1.08	30	0.1	0	1	0.5197	20.5	311	87	310
7394	6418	1257	6.8417	1.18	30	0.3	0	2	3.0839	2.1	311	87	508
7396	7394	340	10.8824	1.08	30	0.1	0	1	0.5981	517	311	87	610
7398	7394	2013	17.8341	1.13	30	0.2	0	1	1.8902	105.5	324	87	610
7400	6412	2171	7.7844	1.22	30	0.3	0	1	2.0421	0.9	311	87	508
7402	6382	1299	8.3911	1.16	30	0.2	0	1	0.989	1.5	211	87	508
7404	6380	819	5.2503	1.37	30	0.1	0	1	0.8674	381.7	311	87	508
7406	6374	961	2.3933	1.1	30	0.7	0	5	9.712	2.6	324	87	610
7408	7406	817	3.4272	1.09	30	0.6	0	4	7.4399	3.8	324	87	508
7410	7408	1071	5.3221	1.13	30	0.3	0	2	2.7232	3.4	311	87	508
7412	7410	912	13.0482	1.13	30	0.2	0	1	1.2162	49.7	311	87	508
7414	7410	815	12.8834	1.1	30	0.1	0	1	0.8889	434	311	87	508
7416	7408	1334	10.7196	1.14	30	0.4	0	3	4.1977	4	311	87	508
7418	7416	228	11.4035	1.04	30	0.2	0	2	1.4219	555	242	87	310
7420	7418	185	11.3514	1.08	30	0.1	0	1	0.5311	559.8	242	87	310
7422	7418	661	12.1029	1.03	30	0.1	0	1	0.8715	284.5	322	87	310
7424	7416	24	8.3333	1.08	30	0.2	0	2	1.3333	543	211	87	310
7428	7424	573	13.089	1.06	30	0.1	0	1	0.8131	6.3	211	87	310
7430	7406	752	6.117	1.11	30	0.2	0	1	1.7072	3.4	244	87	508
7432	6372	625	8.8	1.21	30	0.1	0	1	0.6913	4.1	231	87	610
7434	6370	739	21.2449	1.11	30	0.1	0	1	0.8152	4.6	231	87	610
7436	6368	1075	14.7907	1.15	30	0.2	0	1	1.281	1.9	324	87	610
7438	6270	2234	3.402	1.16	30	1.4	0	8	25.1313	41.3	311	87	610
7440	7438	679	27.6878	1.1	30	0.1	0	1	0.7974	3.7	322	87	610
7442	7438	784	2.551	1.07	30	1.3	0	7	21.4629	2.4	322	87	610
7444	7442	426	2.1127	1.21	30	1.2	0	6	19.1232	3.7	311	87	508
7446	7444	1668	3.2974	1.16	30	0.7	0	5	9.3442	1.3	242	87	508
7448	7446	260	3.4615	1.02	30	0.6	0	4	6.5799	424	244	87	508
7450	7448	1146	6.6318	1.14	30	0.2	0	1	1.0265	280.3	211	87	508
7452	7448	1103	8.1596	1.15	30	0.5	0	3	5.0872	1.9	244	87	508
7454	7452	277	10.4693	1.08	30	0.1	0	1	0.5506	591	244	87	310
7456	7452	416	3.3654	1.19	30	0.4	0	2	3.7337	9.3	311	87	310
7458	7456	1522	11.7608	1.1	30	0.2	0	1	1.4242	177.9	311	87	310
7460	7456	1210	11.5702	1.19	30	0.2	0	1	1.7837	3.1	311	87	310
7462	7446	376	15.1596	1.13	30	0.1	0	1	0.5868	5.7	311	87	508
7464	7444	1103	2.9918	1.16	30	0.7	0	4	9.2415	2.3	311	87	508
7466	7464	626	4.3131	1.11	30	0.5	0	3	5.0802	3.3	311	87	508
7468	7466	1559	12.1232	1.14	30	0.2	0	1	1.9018	197.7	311	87	508
7470	7466	1226	6.4437	1.17	30	0.3	0	2	2.7419	2	311	87	609
7472	7470	566	17.6678	1.2	30	0.1	0	1	0.6626	6.7	244	87	609
7474	7470	256	8.9844	1.13	30	0.1	0	1	0.8278	76.4	244	87	609
7476	7464	650	6.6154	1.11	30	0.4	0	2	3.3812	3.4	311	87	508
7478	7476	1485	13.8721	1.2	30	0.2	0	1	1.7766	85	311	87	609
7480	7476	1158	13.2124	1.15	30	0.2	0	1	1.3399	3.2	311	87	609
7482	7442	1651	14.2944	1.09	30	0.2	0	1	1.7572	1	322	87	610
7484	6268	2171	14.6937	1.28	30	0.3	0	1	1.9798	0.8	322	119	506
7486	6266	1307	11.1706	1.11	30	0.2	0	1	1.4204	1.2	244	125	506
7488	6256	1518	7.2464	1.13	30	0.3	0	1	2.1345	1.6	244	125	506
7490	6186	426	22.77	1.12	30	0.2	0	1	0.9568	200	324	119	506
7492	6184	691	16.0637	1.22	30	0.2	0	1	1.2363	2	311	119	506
7494	6178	1051	15.2236	1.12	30	0.2	0	1	1.3463	1	244	119	506
7496	6176	593	4.8904	1.08	30	0.1	0	1	0.6922	1.1	222	125	508
7498	6174	1511	3.1105	1.13	30	0.4	0	2	4.1193	0.3	311	125	508
7500	7498	430	13.0233	1.1	30	0.1	0	1	0.6093	201.2	324	125	508
7502	7498	2505	13.6926	1.24	30	0.3	0	1	2.4284	0.4	324	125	508
7504	6172	1063	2.3518	1.28	30	0.1	0	1	0.8224	0.3	222	125	508
7506	6166	751	1.4647	1.13	30	0.1	0	1	0.5995	0.4	222	125	508
7508	6164	2011	3.2322	1.13	30	0.2	0	1	1.8724	0.1	222	125	508
7510	6162	2870	1.9164	1.44	30	0.3	0	1	2.3916	0.1	211	125	101
7512	6160	1890	0.7407	1.1	30	1.3	0	10	22.1277	0.2	222	125	508
7514	7512	1171	1.7933	1.3	30	1.1	0	9	16.7045	0.6	222	119	508
7516	7514	72	5.5556	1.08	30	0.1	0	1	0.7965	101	311	119	508
7518	7514	894	1.7897	1.2	30	1	0	8	15.1683	0.8	231	119	508
7520	7518	851	8.1081	1.12	30	0.2	0	2	1.5913	1.4	244	119	508
7522	7520	243	21.3992	1.11	30	0.1	0	1	0.5664	249	311	119	506
7524	7520	239	18.41	1.14	30	0.1	0	1	0.5987	65.1	244	119	506
7526	7518	927	4.4229	1.08	30	0.9	0	7	12.59	0.9	324	119	508
7528	7526	500	18.8	1.17	30	0.1	0	1	0.5543	229	311	119	506
7530	7526	177	6.2147	1.09	30	0.8	0	6	11.4964	5	311	119	506
7532	7530	1557	17.2768	1.18	30	0.2	0	1	1.8226	41.6	311	119	506
7534	7530	1818	8.3058	1.11	30	0.7	0	5	9.6302	0.8	311	119	506
7536	7534	446	8.7444	1.1	30	0.5	0	4	5.3393	6	311	119	506
7538	7536	306	15.3595	1.16	30	0.4	0	3	3.9436	9.2	311	119	506
7540	7538	376	17.5532	1.13	30	0.3	0	2	3.1334	9.6	322	119	506
7542	7540	2169	10.189	1.29	30	0.3	0	1	2.146	142.2	322	119	508
7544	7540	1271	17.6239	1.07	30	0.1	0	1	0.8893	31.6	311	119	506
7546	7538	314	23.2484	1.08	30	0.1	0	1	0.5653	480	311	119	506
7548	7536	1092	16.7582	1.09	30	0.2	0	1	1.2653	67.6	311	119	506
7550	7534	100	22	1	30	0.2	0	2	1.6482	305.5	311	119	506
7552	7550	744	14.5161	1.29	30	0.1	0	1	0.7997	11	311	119	506
7554	7550	577	15.4246	1.06	30	0.1	0	1	0.8403	4.4	311	119	506
7556	7512	5450	9.211	1.22	30	0.4	0	1	4.2454	0.1	211	125	508
7558	6158	360	0.8333	1.07	30	0.5	0	5	5.5373	0.5	212	125	101
7560	7558	478	0.2092	1.24	30	0.4	0	4	4.5356	28.9	222	125	508
7562	7560	1487	1.4122	1.37	30	0.4	0	3	3.4694	0.3	222	125	508
7564	7562	1415	2.4028	1.17	30	0.3	0	2	2.6395	0.5	244	119	508
7566	7564	346	6.9364	1.15	30	0.1	0	1	0.7143	108	231	119	508
7568	7564	102	5.8824	1.08	30	0.2	0	1	1.0132	7.1	244	119	508
7570	7562	101	4.9505	1.07	30	0.1	0	1	0.5045	2.5	211	125	508
7572	7560	648	2.0062	1.25	30	0.2	0	1	0.9452	0.5	211	125	508
7574	7558	1182	2.1151	1.17	30	0.2	0	1	0.9108	1.7	211	125	508
7576	6156	1277	1.9577	1.26	30	0.2	0	1	1.1564	0.1	211	125	101
7578	6154	559	0.8945	1.25	30	0.1	0	1	0.696	16.8	212	125	101
7580	6152	57	7.0175	1	30	0.1	0	1	0.503	2.8	212	67	101
7582	6150	448	1.1161	1.02	30	0.1	0	1	0.6549	0.5	222	125	101
7584	6144	2130	0.7512	1.34	30	1.5	0	11	27.4023	0	212	67	101
7586	7584	2072	1.0135	1.35	30	1.3	0	10	22.671	0.4	311	125	101
7588	7586	798	2.5063	1.1	30	0.1	0	1	0.7889	82	211	125	508
7590	7586	2758	1.4141	1.21	30	1.2	0	9	20.7657	0.3	211	125	508
7592	7590	512	2.1484	1.14	30	0.9	0	8	13.9104	123.7	211	125	508
7594	7592	2457	2.2385	1.24	30	0.9	0	7	12.9451	0.6	211	125	508
7596	7594	2293	3.358	1.12	30	0.8	0	6	10.018	0.6	231	125	508
7598	7596	1431	7.1978	1.2	30	0.2	0	1	1.6444	54.9	323	125	508
7600	7596	410	5.3659	1.18	30	0.6	0	5	6.646	3.8	243	125	508
7602	7600	38	13.1579	1.06	30	0.4	0	4	4.0182	47.9	323	125	508
7604	7602	571	10.683	1.13	30	0.4	0	3	3.377	4.8	244	125	508
7606	7604	838	11.9332	1.27	30	0.2	0	1	0.9677	407	324	125	508
7608	7604	1480	10.0676	1.17	30	0.3	0	2	2.275	1.9	311	125	508
7610	7608	460	13.913	1.2	30	0.2	0	1	1.0004	32.1	311	87	508
7612	7608	411	12.6521	1.09	30	0.1	0	1	0.591	9.8	323	87	508
7614	7602	507	13.4122	1.11	30	0.1	0	1	0.637	3.5	311	125	508
7616	7600	135	14.8148	1.08	30	0.3	0	2	1.9471	288.3	243	125	508
7618	7616	854	14.5199	1.16	30	0.1	0	1	0.7383	280.4	311	125	508
7620	7616	1159	14.4953	1.11	30	0.2	0	1	1.1682	2.4	243	125	508
7622	7594	1244	13.5048	1.08	30	0.2	0	1	1.0048	1.2	231	125	508
7624	7592	752	3.7234	1.12	30	0.1	0	1	0.7818	3.6	211	125	508
7626	7590	1179	2.9686	1.22	30	0.4	0	5	4.3078	0.8	321	125	508
7628	7626	423	4.0189	1.15	30	0.3	0	4	2.9808	2.1	211	125	508
7630	7628	239	5.0209	1.11	30	0.3	0	3	2.3191	5.9	211	125	508
7632	7630	249	9.6386	1.1	30	0.1	0	1	0.5704	216	311	125	508
7634	7630	314	8.5987	1.13	30	0.2	0	2	1.6806	4.1	311	125	508
7636	7634	175	17.7143	1.08	30	0.1	0	1	0.6501	250	323	125	508
7638	7634	787	10.9276	1.13	30	0.2	0	1	0.9166	2.6	323	125	508
7640	7628	78	8.9744	1.08	30	0.1	0	1	0.5064	9.4	323	125	508
7642	7626	127	10.2362	1.15	30	0.1	0	1	0.5758	8.2	323	125	508
7644	7584	4654	2.6214	1.23	30	0.4	0	1	4.0618	16.3	323	125	508
7646	6142	506	1.7787	1.07	30	0.1	0	1	0.7625	49	212	125	101
7648	6140	201	3.9801	1.09	30	0.1	0	1	0.5864	56.1	231	125	101
7650	6138	5652	2.0878	1.17	30	0.4	0	1	4.104	0.1	211	67	101
7652	6136	2341	2.0077	1.15	30	0.3	0	1	2.2035	22.9	231	125	101
7654	6134	907	0.7718	1.36	30	0.3	0	2	2.3856	0.2	212	67	101
7656	7654	575	0.6957	1.1	30	0.2	0	1	0.9248	22.3	212	125	101
7658	7654	1220	0.2459	1.23	30	0.2	0	1	1.0688	10.8	212	125	101
7660	6132	942	0.7431	2.4	30	0.2	0	1	1.4894	0.2	212	125	101
7662	6130	1377	1.5977	1.12	30	0.4	0	2	3.3115	0.2	212	67	101
7664	7662	1352	4.2899	1.19	30	0.3	0	1	2.079	3.8	231	125	508
7666	7662	270	5.1852	1.03	30	0.1	0	1	0.5353	4.7	231	125	508
7668	6128	652	2.1472	1.11	30	0.2	0	1	1.0944	0.3	212	125	101
7670	6110	238	2.521	1.04	30	0.1	0	1	0.5606	0.9	231	67	101
7672	6104	968	3.4091	1.22	30	0.2	0	1	1.3627	41.4	231	67	508
7674	6102	2069	1.6916	1.14	30	0.4	0	2	3.6085	0.1	231	67	101
7676	7674	122	4.918	1.07	30	0.2	0	1	0.9351	87	231	125	101
7678	7674	323	4.3344	1.09	30	0.1	0	1	0.8431	1.7	231	125	508
7680	6100	162	3.0864	1.06	30	0.1	0	1	0.8912	1.3	324	67	101
7682	5386	842	1.1876	1.12	30	0.5	0	3	4.739	24.8	222	67	101
7684	7682	2130	2.3474	1.31	30	0.3	0	1	2.5032	2	222	67	101
7686	7682	1725	4.1739	1.18	30	0.3	0	2	2.0271	4.3	222	125	508
7688	7686	92	5.4348	1.08	30	0.1	0	1	0.7065	157	324	125	508
7690	7686	449	7.3497	1.15	30	0.1	0	1	0.6421	163.8	324	125	508
7692	5384	2182	0.3208	1.14	30	0.2	0	1	1.4463	0	212	67	101
7694	5382	2905	3.4079	1.16	30	0.3	0	1	2.3442	0.6	222	67	101
7696	5380	3143	4.5498	1.34	30	0.3	0	1	2.3239	2.7	222	67	101
7698	5378	909	1.1001	1.29	30	0.2	0	1	1.1323	24.7	231	67	101
7700	5356	301	1.9934	1.18	30	0.1	0	1	0.5929	1	222	67	101
7702	5354	1066	0.5629	1.53	30	0.7	0	4	9.1441	0.7	222	67	101
7704	7702	1314	2.0548	1.19	30	0.2	0	1	1.3138	4.4	231	67	101
7706	7702	1882	0.6376	1.16	30	0.6	0	3	7.0695	2.5	222	67	101
7708	7706	1597	1.315	1.09	30	0.3	0	2	3.028	0.3	311	125	508
7710	7708	661	2.7231	1.16	30	0.1	0	1	0.8102	25.5	324	125	508
7712	7708	1425	2.807	1.19	30	0.2	0	1	1.4694	30	311	125	508
7714	7706	410	1.7073	1.32	30	0.3	0	2	3.138	0.8	231	125	508
7716	7714	952	2.521	1.27	30	0.2	0	1	1.6902	31.7	231	125	508
7718	7714	1934	3.2058	1.12	30	0.2	0	1	1.3089	0.2	311	125	508
7720	5344	2132	2.2514	1.41	30	0.3	0	2	2.5693	0	112	67	101
7722	7720	327	6.1162	1.12	30	0.1	0	1	0.6122	99	311	67	508
7724	7720	511	5.4795	1.13	30	0.2	0	1	1.0602	1.3	311	125	508
7726	5342	1560	0.3846	1.72	30	0.4	0	2	3.5849	0	222	67	101
7728	7726	217	0.4608	1.08	30	0.1	0	1	0.566	7	222	67	101
7730	7726	2508	0.3589	1.5	30	0.3	0	1	2.4024	4.4	121	67	508
7732	4644	2183	2.4279	1.11	30	0.3	0	1	2.8652	0	323	67	101
# end of reach.par
